DEALDATE,DEALDATETIME,FULLADRESS,DISPLAYADRESS,GUSH,DEALNATUREDESCRIPTION,ASSETROOMNUM,FLOORNO,DEALNATURE,DEALAMOUNT,NEWPROJECTTEXT,PROJECTNAME,BUILDINGYEAR,YEARBUILT,BUILDINGFLOORS,KEYVALUE,TYPE,POLYGON_ID,TREND_IS_NEGATIVE,TREND_FORMAT,city_name,street,presentage per year,GUSH - Copy,Gush_Helka,Price per sqm,lat,lon,Year
2024-12-09,2024-09-12,"פיארברג 5, כפר סבא",פיארברג 5,6428-418-2,דירה בבית קומות,4.0,ראשונה,106.77,2650000,,,1980.0,,5.0,9192235230,1,6428418,False,55% ב 9.2 שנים,כפר סבא,פיארברג,5.98,6428-418-2,6428/418,24819.705909899785,32.1809788484,34.8995098117,2024
2024-12-09,2024-09-12,"המפלס 8, כפר סבא",המפלס 8,6433-559-20,דירה בבית קומות,3.5,חמישית,71.96,2230000,,,1970.0,,8.0,9192049712,1,6433559,False,133% ב 15.3 שנים,כפר סבא,המפלס,8.69,6433-559-20,6433/559,30989.438576987217,32.1772808974,34.9161275436,2024
2024-12-08,2024-08-12,"המעפילים 4, כפר סבא",המעפילים 4,6428-348-31,דירה בבית קומות,4.0,שישית,129.0,3360000,,,1965.0,2027.0,3.0,9190648670,1,6428348,False,,כפר סבא,המעפילים,,6428-348-31,6428/348,26046.511627906977,32.1780282192,34.8997049173,2024
2024-12-07,2024-07-12,"רופין 36, כפר סבא",רופין 36,6435-280-51,דירה בבית קומות,4.0,עשירית,108.0,3280000,,,2026.0,,17.0,9189213366,1,6435280,False,,כפר סבא,רופין,,6435-280-51,6435/280,30370.37037037037,32.1694676515,34.919622311,2024
2024-12-07,2024-07-12,"זאב גולד 13, כפר סבא",זאב גולד 13,6433-744-7,דירה בבית קומות,4.0,רביעית,104.3,2825000,,,2008.0,,5.0,9189114354,1,6433744,False,174% ב 16.5 שנים,כפר סבא,גולד זאב,10.55,6433-744-7,6433/744,27085.330776605944,32.1803697416,34.9146907787,2024
2024-12-05,2024-05-12,"אהרונוביץ 7, כפר סבא",אהרונוביץ 7,6426-85-2,דירה בבית קומות,4.5,ראשונה,101.3,2580000,,,1970.0,,5.0,9185806110,1,642685,False,,כפר סבא,אהרונוביץ,,6426-85-2,6426/85,25468.90424481737,32.1722884401,34.9023218558,2024
2024-12-05,2024-05-12,"מענית 10, כפר סבא",מענית 10,6429-215-8,דירה בבית קומות,3.5,שלישית,83.0,2500000,,,1994.0,,3.0,9184707136,1,6429215,False,,כפר סבא,מענית,,6429-215-8,6429/215,30120.481927710844,32.1830775715,34.8974675869,2024
2024-12-05,2024-05-12,"גיל 7, כפר סבא",גיל 7,6427-671-83,דירה בבית קומות,5.0,ארבע עשרה,136.07,4700000,,,2007.0,,15.0,9185008760,1,6427671,False,129% ב 14 שנים,כפר סבא,גיל,9.21,6427-671-83,6427/671,34541.04505034174,32.1763628154,34.8912225112,2024
2024-12-03,2024-03-12,"המייסדים 18, כפר סבא",המייסדים 18,6438-192-15,דירה בבית קומות,4.0,רביעית,95.91,2660000,,,1980.0,,5.0,9180838416,1,6438192,False,90% ב 11.5 שנים,כפר סבא,המיסדים,7.83,6438-192-15,6438/192,27734.334271713065,32.1760717513,34.9104879677,2024
2024-12-03,2024-03-12,"עמק חורון 6, כפר סבא",עמק חורון 6,7618-317-9,דירה בבית קומות,4.0,רביעית,86.33,3150000,,,2005.0,,4.0,9180926920,1,7618317,False,43% ב 12.6 שנים,כפר סבא,עמק חורון,3.41,7618-317-9,7618/317,36487.89528553226,32.1786034828,34.9320327832,2024
2024-12-03,2024-03-12,"בז 1, כפר סבא",בז 1,9088-29-19,דירה בבית קומות,4.0,שניה,83.1,2880000,,,2008.0,,6.0,9180944680,1,908829,False,42% ב 6.3 שנים,כפר סבא,בז,6.67,9088-29-19,9088/29,34657.03971119134,32.1864555467,34.9258899043,2024
2024-12-03,2024-03-12,"רוטשילד 10, כפר סבא",רוטשילד 10,6426-128-2,דירה בבית קומות,5.0,ראשונה,82.81,2730000,,,1970.0,,5.0,9180657856,1,6426128,False,218% ב 5.7 שנים,כפר סבא,רוטשילד,38.25,6426-128-2,6426/128,32967.03296703297,32.1713200991,34.9076256841,2024
2024-12-03,2024-03-12,"שיינפיין 15, כפר סבא",שיינפיין 15,7621-477-54,דירה בבית קומות,6.0,רביעית,140.0,4170000,,,2017.0,,7.0,9181635766,1,7621477,False,,כפר סבא,שיינפיין,,7621-477-54,7621/477,29785.714285714286,32.1960002894,34.8907312715,2024
2024-12-03,2024-03-12,"מור 11, כפר סבא",מור 11,7603-73-14,דירה בבית קומות,3.0,קרקע,70.4,2650000,,,1985.0,,2.0,9182203050,1,760373,False,,כפר סבא,מור,,7603-73-14,7603/73,37642.04545454545,32.183202889,34.935687905,2024
2024-12-03,2024-03-12,"אמבר 20, כפר סבא",אמבר 20,6426-507-12,דירה בבית קומות,4.0,שביעית,84.0,3000000,,,1960.0,2024.0,2.0,9180589998,1,6426507,False,,כפר סבא,אימבר,,6426-507-12,6426/507,35714.28571428572,32.1724600047,34.90369107,2024
2024-12-02,2024-02-12,"אברהם קרן 15, כפר סבא",אברהם קרן 15,6439-302-2,דירה בבית קומות,5.5,ראשונה + שניה,126.72,2940000,,,1985.0,,8.0,9178931214,1,6439302,False,,כפר סבא,קרן אברהם,,6439-302-2,6439/302,23200.757575757576,32.1708546518,34.9112641092,2024
2024-12-02,2024-02-12,"רופין 36, כפר סבא",רופין 36,6435-280-61,דירה בבית קומות,4.0,חמש עשרה,117.0,3500000,,,2026.0,,17.0,9178877564,1,6435280,False,,כפר סבא,רופין,,6435-280-61,6435/280,29914.529914529918,32.1694676515,34.919622311,2024
2024-12-02,2024-02-12,"הכלנית 22, כפר סבא",הכלנית 22,6427-484-13,דירה בבית קומות,3.0,רביעית,62.1,2150000,,,1983.0,,6.0,9178824950,1,6427484,False,,כפר סבא,הכלנית,,6427-484-13,6427/484,34621.57809983897,32.1738009521,34.8940169482,2024
2024-11-09,2024-09-11,"הרצל 69, כפר סבא",הרצל 69,6438-288-9,דירה בבית קומות,5.0,חמישית,132.86,3900000,,,1978.0,,5.0,9191947000,1,6438288,False,205% ב 26.2 שנים,כפר סבא,הרצל,7.82,6438-288-9,6438/288,29354.20743639921,32.1762621953,34.9113571498,2024
2024-11-07,2024-07-11,"רופין 36, כפר סבא",רופין 36,6435-280-52,דירה בבית קומות,3.0,חמישית,80.0,2590000,,,2026.0,,17.0,9189025258,1,6435280,False,,כפר סבא,רופין,,6435-280-52,6435/280,32375.0,32.1694676515,34.919622311,2024
2024-11-04,2024-04-11,"אנה פרנק 12, כפר סבא",אנה פרנק 12,6426-613-3,דירת גן,5.0,ראשונה,119.0,5060000,,,1970.0,2028.0,3.0,9184147326,1,6426613,False,,כפר סבא,אנה פרנק,,6426-613-3,6426/613,42521.00840336135,,,2024
2024-11-04,2024-04-11,"ירושלים 5, כפר סבא",ירושלים 5,6441-222-10,דירה בבית קומות,4.0,ג,88.2,2800000,,,2025.0,,5.0,9183768298,1,6441222,False,,כפר סבא,ירושלים,,6441-222-10,6441/222,31746.031746031746,32.1735451663,34.9048198119,2024
2024-11-04,2024-04-11,"משה וילנסקי 15, כפר סבא",משה וילנסקי 15,6429-289-18,דירה בבית קומות,4.0,חמישית,104.0,3100000,,,2011.0,,9.0,9184394560,1,6429289,False,19% ב 2.2 שנים,כפר סבא,וילנסקי משה,8.64,6429-289-18,6429/289,29807.69230769231,32.1867164211,34.8917789869,2024
2024-11-04,2024-04-11,"ברנר 6, כפר סבא",ברנר 6,6428-40-16,דירה בבית קומות,4.0,קומה ‎0‏,94.0,2600000,,,1964.0,2024.0,4.0,9183546002,1,642840,False,,כפר סבא,ברנר,,6428-40-16,6428/40,27659.574468085106,32.1778472045,34.9006198658,2024
2024-11-03,2024-03-11,"אימבר 21, כפר סבא",אימבר 21,6426-467-8,דירה בבית קומות,4.0,ב,86.5,2000000,,,1970.0,,6.0,9182613824,1,6426467,False,33% ב 4.2 שנים,כפר סבא,אימבר,7.86,6426-467-8,6426/467,23121.387283236996,32.1728024767,34.903865678,2024
2024-11-03,2024-03-11,"תל חי 13, כפר סבא",תל חי 13,6439-224-2,דירה בבית קומות,4.0,ראשונה,93.26,2680000,,,1970.0,,8.0,9182433782,1,6439224,False,,כפר סבא,תל חי,,6439-224-2,6439/224,28736.86467939095,32.1719466843,34.9130045311,2024
2024-11-03,2024-03-11,"בית הבד 19, כפר סבא",בית הבד 19,7602-243-13,דירה בבית קומות,3.0,שניה,69.2,2025000,,,1986.0,,,9182555216,1,7602243,False,26% ב 4 שנים,כפר סבא,בית הבד,6.5,7602-243-13,7602/243,29263.00578034682,32.1827466335,34.9380183715,2024
2024-11-03,2024-03-11,"קמינסקי 6, כפר סבא",קמינסקי 6,7621-463-13,דירה בבית קומות,4.0,שלישית,104.42,3390000,,,2012.0,,10.0,9180997886,1,7621463,False,45% ב 5.6 שנים,כפר סבא,קמינסקי,8.04,7621-463-13,7621/463,32465.04501053438,32.1961334643,34.8937001136,2024
2024-11-03,2024-03-11,"נחשון 10, כפר סבא",נחשון 10,6441-280-33,דירה בבית קומות,4.0,שלישית,93.6,2570000,,,1986.0,,7.0,9180582080,1,6441280,False,,כפר סבא,נחשון,,6441-280-33,6441/280,27457.26495726496,32.174502937,34.905920554,2024
2024-11-03,2024-03-11,"ארלוזורוב 25, כפר סבא",ארלוזורוב 25,6426-1100-20,דירה בבית קומות,4.0,קומה ‎7‏,113.7,3730000,,,2021.0,,7.0,9180594216,1,64261100,False,,כפר סבא,ארלוזורוב,,6426-1100-20,6426/1100,32805.628847845204,32.1709141764,34.9047996127,2024
2024-11-03,2024-03-11,"שיינפיין 36, כפר סבא",שיינפיין 36,7621-474-156,דירה בבית קומות,4.0,שניה,111.96,3515000,,,2010.0,,10.0,9180578380,1,7621474,False,159% ב 14.5 שנים,כפר סבא,שיינפיין,10.97,7621-474-156,7621/474,31395.141121829227,32.1971360908,34.8918797681,2024
2024-11-02,2024-02-11,"רופין 36, כפר סבא",רופין 36,6435-280-12,,4.0,חמש עשרה,117.0,3500000,1.0,,,,17.0,11181278037,1,6435280,False,,כפר סבא,רופין,,6435-280-12,6435/280,29914.529914529918,32.1694676515,34.919622311,2024
2024-11-02,2024-02-11,"עמק עירון 5, כפר סבא",עמק עירון 5,7618-319-61,דירה בבית קומות,3.5,רביעית,84.4,2680000,,,2007.0,,7.0,9178957558,1,7618319,False,53% ב 8 שנים,כפר סבא,עמק עירון,6.62,7618-319-61,7618/319,31753.554502369665,32.177993855,34.9343234253,2024
2024-11-01,2024-01-11,"האשל 7, כפר סבא",האשל 7,6433-583-12,דירה בבית קומות,4.0,רביעית,101.2,2550000,,,1992.0,,5.0,9176931808,1,6433583,False,178% ב 17.5 שנים,כפר סבא,האשל,10.17,6433-583-12,6433/583,25197.628458498024,32.1799445279,34.9180409394,2024
2024-11-01,2024-01-11,"שיינפיין 17, כפר סבא",שיינפיין 17,7621-478-40,דירה בבית קומות,5.0,חמישית,126.4,4000000,,,2011.0,,6.0,9177106448,1,7621478,False,48% ב 5 שנים,כפר סבא,שיינפיין,9.6,7621-478-40,7621/478,31645.56962025316,32.1971888463,34.8908526205,2024
2024-11-01,2024-01-11,"עמק האלה 2, כפר סבא",עמק האלה 2,7618-305-8,דירה בבית קומות,4.0,שלישית,94.5,2930000,,,2008.0,,5.0,9176641210,1,7618305,False,54% ב 3.5 שנים,כפר סבא,עמק האלה,15.43,7618-305-8,7618/305,31005.291005291005,32.1782448232,34.9332649015,2024
2024-10-07,2024-07-10,"רופין 36, כפר סבא",רופין 36,6435-280-11,,3.0,חמישית,80.0,2590000,1.0,,,,17.0,11181278036,1,6435280,False,,כפר סבא,רופין,,6435-280-11,6435/280,32375.0,32.1694676515,34.919622311,2024
2024-10-06,2024-06-10,"אמבר 17, כפר סבא",אמבר 17,6426-465-12,דירה בבית קומות,2.0,שישית,57.0,2020000,,,1960.0,2028.0,2.0,9187052640,1,6426465,False,,כפר סבא,אימבר,,6426-465-12,6426/465,35438.59649122807,32.1728434679,34.9036780714,2024
2024-10-06,2024-06-10,"אמבר 17, כפר סבא",אמבר 17,6426-465-10,דירה בבית קומות,2.0,שלישית,56.0,1930000,,,1960.0,2028.0,2.0,9187025260,1,6426465,False,,כפר סבא,אימבר,,6426-465-10,6426/465,34464.28571428572,32.1728434679,34.9036780714,2024
2024-10-06,2024-06-10,"ברל כצנלסון 8, כפר סבא",ברל כצנלסון 8,6428-548-118,דירה בבית קומות,5.0,שביעית+ מרתף ראשון,160.4,5900000,,,1999.0,,6.0,9186725560,1,6428548,False,,כפר סבא,כצנלסון ברל,,6428-548-118,6428/548,36783.04239401496,32.1778098162,34.9035389679,2024
2024-10-06,2024-06-10,"ששת הימים 27, כפר סבא",ששת הימים 27,6426-576-0,ללא תיכנון,,,3084.0,6400000,,,1950.0,,2.0,9188116908,1,6426576,False,,כפר סבא,ששת הימים,,6426-576-0,6426/576,2075.2269779507133,32.1749484067,34.8981977121,2024
2024-10-06,2024-06-10,"זאב גלר 28, כפר סבא",זאב גלר 28,6427-171-7,דירה בבית קומות,5.0,רביעית,132.0,3900000,,,2026.0,,1.0,9186621812,1,6427171,False,,כפר סבא,גלר זאב,,6427-171-7,6427/171,29545.454545454544,32.1739365024,34.8959533179,2024
2024-10-05,2024-05-10,"יאיר רוזנבלום 28, כפר סבא",יאיר רוזנבלום 28,6430-239-15,דירה בבית קומות,4.0,שלישית,91.93,3535000,,,2009.0,,6.0,9185196720,1,6430239,False,82% ב 9.1 שנים,כפר סבא,רוזנבלום יאיר,9.01,6430-239-15,6430/239,38453.17089089524,32.1889401805,34.8960754118,2024
2024-10-04,2024-04-10,"התע""ש 18, כפר סבא","התע""ש 18",7607-135-38,משרד,,שישית,226.0,3510000,,,2018.0,,5.0,9184163162,1,7607135,False,,כפר סבא,"התע""ש",,7607-135-38,7607/135,15530.973451327434,32.1752769773,34.9273904376,2024
2024-10-03,2024-03-10,"דב הוז 25, כפר סבא",דב הוז 25,6428-449-75,דירה בבית קומות,4.0,רביעית,88.5,2375000,,,1980.0,,7.0,9180613160,1,6428449,False,,כפר סבא,הוז דב,,6428-449-75,6428/449,26836.158192090395,32.1796077931,34.9027829803,2024
2024-10-03,2024-03-10,"אנגל 26, כפר סבא",אנגל 26,7621-475-8,דירה בבית קומות,6.0,רביעית,131.0,4420000,,,2012.0,,7.0,9180669992,1,7621475,False,133% ב 11.2 שנים,כפר סבא,אנגל,11.88,7621-475-8,7621/475,33740.45801526718,32.1947047792,34.8933220873,2024
2024-10-03,2024-03-10,"רופין 36, כפר סבא",רופין 36,6435-280-59,דירה בבית קומות,3.0,שמינית,80.0,2600000,,,2026.0,,17.0,9181044728,1,6435280,False,,כפר סבא,רופין,,6435-280-59,6435/280,32500.0,32.1694676515,34.919622311,2024
2024-10-03,2024-03-10,"הרצפלד אברהם 1, כפר סבא",הרצפלד אברהם 1,6431-256-7,דירה בבית קומות,4.0,שניה,110.19,1950000,,,1981.0,,7.0,9181996590,1,6431256,False,,כפר סבא,הרצפלד אברהם,,6431-256-7,6431/256,17696.705690171522,32.1845545168,34.9028821612,2024
2024-10-01,2024-01-10,"זמיר 9, כפר סבא",זמיר 9,9088-20-32,דירה בבית קומות,4.0,חמישית+קרקע,90.6,2950000,,,2008.0,,6.0,9176514892,1,908820,False,86% ב 11.1 שנים,כפר סבא,זמיר,7.75,9088-20-32,9088/20,32560.706401766005,32.1856182089,34.9278842553,2024
2024-10-01,2024-01-10,"זליוונסקי 6, כפר סבא",זליוונסקי 6,7621-440-42,דירה בבית קומות,5.0,שישית,122.0,4650000,,,2015.0,,8.0,9176515484,1,7621440,False,,כפר סבא,זליוונסקי,,7621-440-42,7621/440,38114.75409836065,32.1937037641,34.8915825269,2024
2024-10-01,2024-01-10,"רוטשילד 71, כפר סבא",רוטשילד 71,6440-151-13,דירה בבית קומות,4.0,שלישית,87.5,2300000,,,1970.0,,7.0,9176487956,1,6440151,False,,כפר סבא,רוטשילד,,6440-151-13,6440/151,26285.714285714286,32.1774456723,34.9088267198,2024
2024-10-01,2024-01-10,"דוד אלעזר 8, כפר סבא",דוד אלעזר 8,6440-192-14,דירה בבית קומות,4.5,ראשונה,120.09,3600000,,,1987.0,,5.0,9177453878,1,6440192,False,80% ב 7.7 שנים,כפר סבא,אלעזר דוד,10.39,6440-192-14,6440/192,29977.516862353237,32.1783485562,34.9056312604,2024
2024-09-18,2024-09-18,"עמק חרוד 4, כפר סבא",עמק חרוד 4,7618-172-13,דירה בבית קומות,3.0,רביעית,73.27,2720000,,,2000.0,,5.0,9192517910,1,7618172,False,58% ב 7.5 שנים,כפר סבא,עמק חרוד,7.73,7618-172-13,7618/172,37122.96983758701,32.1793260046,34.9353958904,2024
2024-09-07,2024-07-09,"אנגל 9, כפר סבא",אנגל 9,7621-446-48,דירה בבית קומות,5.0,שלישית,163.0,4130000,,,2014.0,,8.0,9189072248,1,7621446,False,,כפר סבא,אנגל,,7621-446-48,7621/446,25337.423312883435,32.1937756653,34.8923651091,2024
2024-09-07,2024-07-09,"שבזי 15, כפר סבא",שבזי 15,7620-150-2,ללא תיכנון,,,,10250000,,,,,,9189154758,1,7620150,False,,כפר סבא,שבזי,,7620-150-2,7620/150,,32.1900533422,34.905865617,2024
2024-09-07,2024-07-09,"זמיר 9, כפר סבא",זמיר 9,9088-20-6,דירה בבית קומות,4.0,שניה+קרקע,82.6,2890000,,,2008.0,,6.0,9188262170,1,908820,False,50% ב 7.8 שנים,כפר סבא,זמיר,6.41,9088-20-6,9088/20,34987.893462469736,32.1856182089,34.9278842553,2024
2024-09-06,2024-06-09,"אמבר 17, כפר סבא",אמבר 17,6426-465-8,,2.0,,56.0,1930000,1.0,,1960.0,,2.0,11181277909,1,6426465,False,,כפר סבא,אימבר,,6426-465-8,6426/465,34464.28571428572,32.1728434679,34.9036780714,2024
2024-09-06,2024-06-09,"אמבר 17, כפר סבא",אמבר 17,6426-465-11,,2.0,,56.0,2050000,1.0,,1960.0,,2.0,11181277907,1,6426465,False,,כפר סבא,אימבר,,6426-465-11,6426/465,36607.142857142855,32.1728434679,34.9036780714,2024
2024-09-06,2024-06-09,"התע""ש 20, כפר סבא","התע""ש 20",7607-125-220,חנות,,שלישית,,515000,,,1999.0,,5.0,9186585034,1,7607125,False,,כפר סבא,"התע""ש",,7607-125-220,7607/125,,32.1759745495,34.9277395245,2024
2024-09-06,2024-06-09,"התע""ש 20, כפר סבא","התע""ש 20",7607-125-219,משרד,1.0,שלישית,,257000,,,1999.0,,5.0,9186586292,1,7607125,False,,כפר סבא,"התע""ש",,7607-125-219,7607/125,,32.1759745495,34.9277395245,2024
2024-09-06,2024-06-09,"הגר""א 6, כפר סבא","הגר""א 6",6426-169-1,דירת גן,5.0,א,126.0,4550000,,,1950.0,2027.0,3.0,9187945894,1,6426169,False,233% ב 8.8 שנים,כפר סבא,"הגר""א",26.48,6426-169-1,6426/169,36111.11111111111,32.172289271,34.9062683175,2024
2024-09-06,2024-06-09,"אמבר 17, כפר סבא",אמבר 17,6426-465-9,,2.0,שלישית,56.0,1990000,1.0,,1960.0,,2.0,11181277910,1,6426465,False,,כפר סבא,אימבר,,6426-465-9,6426/465,35535.71428571428,32.1728434679,34.9036780714,2024
2024-09-05,2024-05-09,"התותחנים 2, כפר סבא",התותחנים 2,6435-188-30,,4.0,ראשונה,71.87,2240000,,,1992.0,,7.0,9184645494,1,6435188,False,200% ב 21 שנים,כפר סבא,התותחנים,9.52,6435-188-30,6435/188,31167.385557256155,32.1741398853,34.9200094512,2024
2024-09-05,2024-05-09,,,6441-405-10,דירה בבית קומות,4.0,שלישית,102.0,3270000,,,2021.0,,,9186260840,2,6441405,False,,כפר סבא,ירושלים,,6441-405-10,6441/405,32058.82352941177,32.1753898952,34.9064646748,2024
2024-09-04,2024-04-09,"תל חי 44, כפר סבא",תל חי 44,6436-89-6,דירה בבית קומות,3.5,שניה,77.0,2460000,,,1980.0,,6.0,9184246856,1,643689,False,246% ב 19.4 שנים,כפר סבא,תל חי,12.68,6436-89-6,6436/89,31948.051948051947,32.1757137158,34.9150118822,2024
2024-09-04,2024-04-09,"מורן 6, כפר סבא",מורן 6,6430-194-17,דירה בבית קומות,3.5,שניה,82.0,2400000,,,1996.0,,4.0,9183806038,1,6430194,False,142% ב 24.5 שנים,כפר סבא,מורן,5.8,6430-194-17,6430/194,29268.29268292683,32.1869407001,34.8999030183,2024
2024-09-03,2024-03-09,"רופין 36, כפר סבא",רופין 36,6435-280-10,,3.0,שמינית,80.0,2600000,1.0,,,,17.0,11181278035,1,6435280,False,,כפר סבא,רופין,,6435-280-10,6435/280,32500.0,32.1694676515,34.919622311,2024
2024-09-01,2024-01-09,"אנגל 43, כפר סבא",אנגל 43,7621-556-15,דירה בבית קומות,4.0,רביעית,97.9,3250000,,,2013.0,,7.0,9176941058,1,7621556,False,82% ב 10.5 שנים,כפר סבא,אנגל,7.81,7621-556-15,7621/556,33197.13993871297,32.1972084566,34.8955401342,2024
2024-09-01,2024-01-09,"נלקין 10, כפר סבא",נלקין 10,7621-560-47,דירה בבית קומות,5.0,קומה ‎12‏,139.55,3800000,,,2016.0,,14.0,9176656454,1,7621560,False,,כפר סבא,נלקין,,7621-560-47,7621/560,27230.38337513436,32.1965952142,34.8959146208,2024
2024-08-29,2024-08-29,"רופין 36, כפר סבא",רופין 36,6435-280-48,דירה בבית קומות,3.0,שתים עשרה,81.0,3000000,,,2026.0,,17.0,9191826306,1,6435280,False,,כפר סבא,רופין,,6435-280-48,6435/280,37037.03703703704,32.1694676515,34.919622311,2024
2024-08-28,2024-08-28,"עמק חורון 6, כפר סבא",עמק חורון 6,7618-317-2,דירה בבית קומות,4.0,קרקע,91.92,3770000,,,2005.0,,4.0,9192484314,1,7618317,False,227% ב 19.1 שנים,כפר סבא,עמק חורון,11.88,7618-317-2,7618/317,41013.92515230635,32.1786034828,34.9320327832,2024
2024-08-28,2024-08-28,"אמבר 17, כפר סבא",אמבר 17,6426-465-6,דירה בבית קומות,2.0,שניה,69.0,2000000,,,1960.0,2028.0,2.0,9191812838,1,6426465,True,-21% ב 0.5 שנים,כפר סבא,אימבר,-42.0,6426-465-6,6426/465,28985.50724637681,32.1728434679,34.9036780714,2024
2024-08-28,2024-08-28,"הרעות 7, כפר סבא",הרעות 7,6435-299-23,דירה בבית קומות,3.0,קומה ‎5‏,83.92,2850000,,,2015.0,,8.0,9192478912,1,6435299,False,,כפר סבא,הרעות,,6435-299-23,6435/299,33960.91515729266,32.1683299482,34.9218453504,2024
2024-08-28,2024-08-28,"עמק דותן 4, כפר סבא",עמק דותן 4,7618-225-1,דירה בבית קומות,4.0,קרקע,78.7,3600000,,,2001.0,,4.0,9191533266,1,7618225,False,75% ב 7.4 שנים,כפר סבא,עמק דותן,10.14,7618-225-1,7618/225,45743.329097839895,32.1806412238,34.9322255581,2024
2024-08-26,2024-08-26,"ויצמן 66, כפר סבא",ויצמן 66,6426-320-12,דירה בבית קומות,3.0,ד,65.0,2150000,,,1965.0,,5.0,9191022074,1,6426320,False,,כפר סבא,ויצמן,,6426-320-12,6426/320,33076.92307692308,32.1761576645,34.903740895,2024
2024-08-26,2024-08-26,"הרצפלד אברהם 4, כפר סבא",הרצפלד אברהם 4,6431-307-20,דירה בבית קומות,3.0,ראשונה,73.4,2400000,,,1970.0,,4.0,9191280334,1,6431307,False,,כפר סבא,הרצפלד אברהם,,6431-307-20,6431/307,32697.5476839237,32.1848893098,34.9037206711,2024
2024-08-22,2024-08-22,"יחזקאל 7, כפר סבא",יחזקאל 7,7594-131-49,דירה בבית קומות,4.0,ראשונה,78.9,2150000,,,1970.0,,7.0,9190934902,1,7594131,False,,כפר סבא,יחזקאל,,7594-131-49,7594/131,27249.683143219263,32.1839005743,34.9377145469,2024
2024-08-22,2024-08-22,"מצדה 3, כפר סבא",מצדה 3,7601-81-8,דירה בבית קומות,3.0,שניה,56.2,1800000,,,1960.0,,4.0,9191177178,1,760181,False,,כפר סבא,מצדה,,7601-81-8,7601/81,32028.46975088968,32.1853692015,34.9422195067,2024
2024-08-22,2024-08-22,,,6426-462-3,דירה בבית קומות,4.0,שלישית,100.0,3315000,,,2022.0,,,9192241964,2,6426462,False,,כפר סבא,בן גוריון,,6426-462-3,6426/462,33150.0,32.1733129227,34.9031904975,2024
2024-08-21,2024-08-21,"תל חי 19, כפר סבא",תל חי 19,6439-383-7,דירה בבית קומות,4.0,רביעית,98.5,2850000,,,1989.0,,5.0,9191234010,1,6439383,False,83% ב 10.2 שנים,כפר סבא,תל חי,8.14,6439-383-7,6439/383,28934.010152284263,32.1725935813,34.91323125,2024
2024-08-20,2024-08-20,"מורן 6, כפר סבא",מורן 6,6430-194-20,דירה בבית קומות,5.0,קרקע,114.0,4250000,,,1996.0,,4.0,9190843882,1,6430194,False,,כפר סבא,מורן,,6430-194-20,6430/194,37280.70175438596,32.1869407001,34.8999030183,2024
2024-08-20,2024-08-20,"רופין 36, כפר סבא",רופין 36,6435-280-49,דירה בבית קומות,5.0,עשרים,135.0,4300000,,,2026.0,,17.0,9191446538,1,6435280,False,,כפר סבא,רופין,,6435-280-49,6435/280,31851.85185185185,32.1694676515,34.919622311,2024
2024-08-19,2024-08-19,,,6441-405-4,דירת גג,4.0,שלוש עשרה,118.0,4770000,,,2021.0,,,9190877478,2,6441405,False,,כפר סבא,ירושלים,,6441-405-4,6441/405,40423.72881355932,32.1753898952,34.9064646748,2024
2024-08-19,2024-08-19,,,7621-439-79,דירה בבית קומות,5.0,ראשונה,120.0,3900000,,,2024.0,,,9191685780,2,7621439,False,,כפר סבא,שיינפיין,,7621-439-79,7621/439,32500.0,32.1949418162,34.8905458748,2024
2024-08-18,2024-08-18,"קרן היסוד 9, כפר סבא",קרן היסוד 9,6433-550-18,דירה בבית קומות,4.0,קרקע,95.0,2300000,,,2019.0,,4.0,9190558908,1,6433550,True,-19% ב 1.8 שנים,כפר סבא,קרן היסוד,-10.56,6433-550-18,6433/550,24210.526315789477,32.176853105,34.9165986715,2024
2024-08-18,2024-08-18,"חבצלת השרון 8, כפר סבא",חבצלת השרון 8,6427-426-4,דירת גן,4.0,ראשונה,127.0,4500000,,,2022.0,,3.0,9191768734,1,6427426,False,,כפר סבא,חבצלת השרון,,6427-426-4,6427/426,35433.07086614173,,,2024
2024-08-15,2024-08-15,,,6441-405-5,דירה בבית קומות,5.0,שניה,125.0,3875000,,,2021.0,,,9191736470,2,6441405,False,,כפר סבא,ירושלים,,6441-405-5,6441/405,31000.0,32.1753898952,34.9064646748,2024
2024-08-15,2024-08-15,"מצדה 11, כפר סבא",מצדה 11,7601-85-7,דירה בבית קומות,3.0,ב',52.4,1890000,,,1970.0,,4.0,9190885322,1,760185,False,40% ב 4.4 שנים,כפר סבא,מצדה,9.09,7601-85-7,7601/85,36068.70229007634,32.1839369745,34.9435844621,2024
2024-08-14,2024-08-14,"העמק 18, כפר סבא",העמק 18,6437-166-8,דירה בבית קומות,4.0,שלישית,80.13,2420000,,,1983.0,,5.0,9190690776,1,6437166,False,130% ב 14.2 שנים,כפר סבא,העמק,9.15,6437-166-8,6437/166,30200.923499313616,32.1727519929,34.9155822771,2024
2024-08-14,2024-08-14,"קמינסקי 7, כפר סבא",קמינסקי 7,7621-467-62,דירה בבית קומות,4.0,שניה,112.2,3900000,,,2009.0,,9.0,9190455752,1,7621467,False,54% ב 7.5 שנים,כפר סבא,קמינסקי,7.2,7621-467-62,7621/467,34759.358288770054,32.1967613012,34.8937526803,2024
2024-08-14,2024-08-14,"ארלוזורוב 33, כפר סבא",ארלוזורוב 33,6426-136-1,דירה בבית קומות,4.0,ראשונה,95.3,2550000,,,1970.0,,5.0,9191551396,1,6426136,False,,כפר סבא,ארלוזורוב,,6426-136-1,6426/136,26757.60755508919,32.1704773128,34.9066984296,2024
2024-08-09,2024-09-08,"בן-גוריון 42, כפר סבא",בן-גוריון 42,6439-442-8,דירה בבית קומות,5.0,חמישית ושישית,131.0,3920000,,,1998.0,,4.0,9191814022,1,6439442,False,47% ב 4 שנים,כפר סבא,בן גוריון,11.75,6439-442-8,6439/442,29923.664122137405,32.1719331044,34.9092662486,2024
2024-08-09,2024-09-08,"הגר""א 18, כפר סבא","הגר""א 18",6426-1027-2,דירה בבית קומות,4.0,ראשונה,94.3,3175000,,,2009.0,,4.0,9191810322,1,64261027,False,115% ב 14.8 שנים,כפר סבא,"הגר""א",7.77,6426-1027-2,6426/1027,33669.14103923648,32.1713181699,34.9059933808,2024
2024-08-07,2024-07-08,"רחל המשוררת 9, כפר סבא",רחל המשוררת 9,6433-31-8,דירה בבית קומות,3.0,קרקע,81.76,4201000,,,1960.0,,2.0,9188635278,1,643331,False,127% ב 2.3 שנים,כפר סבא,רחל המשוררת,55.22,6433-31-8,6433/31,51382.0939334638,32.1790961861,34.9102467332,2024
2024-08-07,2024-07-08,"האהבה 13, כפר סבא",האהבה 13,6435-256-11,דירה בבית קומות,4.0,רביעית,104.0,3145000,,,2000.0,,5.0,9188597316,1,6435256,False,200% ב 18.2 שנים,כפר סבא,האהבה,10.99,6435-256-11,6435/256,30240.384615384617,32.1701611606,34.9215956475,2024
2024-08-04,2024-04-08,"הגליל 21, כפר סבא",הגליל 21,6436-81-24,דירה בבית קומות,4.0,שישית,86.01,2600000,,,1976.0,,6.0,9182558324,1,643681,False,,כפר סבא,הגליל,,6436-81-24,6436/81,30229.04313451924,32.1754490589,34.9171162277,2024
2024-08-04,2024-04-08,"דב הוז 22, כפר סבא",דב הוז 22,6428-291-2,דירה בבית קומות,5.0,ראשונה,118.54,3350000,,,1984.0,,4.0,9182610198,1,6428291,False,94% ב 9.7 שנים,כפר סבא,הוז דב,9.69,6428-291-2,6428/291,28260.502783870423,32.1800315377,34.8987556227,2024
2024-08-03,2024-03-08,"הראשונים 2, כפר סבא",הראשונים 2,6435-94-11,דירה בבית קומות,3.0,רביעית,47.7,2080000,,,1975.0,,4.0,9180709138,1,643594,False,,כפר סבא,הראשונים,,6435-94-11,6435/94,43605.87002096436,32.1719969613,34.9213908005,2024
2024-08-02,2024-02-08,"המעפילים 4, כפר סבא",המעפילים 4,6428-348-36,דירה בבית קומות,4.0,,129.0,3231000,,,1965.0,2027.0,3.0,9179963588,1,6428348,False,,כפר סבא,המעפילים,,6428-348-36,6428/348,25046.511627906977,32.1780282192,34.8997049173,2024
2024-08-02,2024-02-08,"זליוונסקי 12, כפר סבא",זליוונסקי 12,7621-443-23,דירה בבית קומות,4.0,חמישית,130.0,3300000,,,2014.0,,8.0,9178766934,1,7621443,False,,כפר סבא,זליוונסקי,,7621-443-23,7621/443,25384.615384615383,32.1937793429,34.8905419454,2024
2024-08-02,2024-02-08,"רופין 36, כפר סבא",רופין 36,6435-280-63,דירה בבית קומות,3.0,שלוש עשרה,92.0,2600000,,,2026.0,,17.0,9178948382,1,6435280,False,,כפר סבא,רופין,,6435-280-63,6435/280,28260.869565217392,32.1694676515,34.919622311,2024
2024-08-02,2024-02-08,"סוקולוב 3, כפר סבא",סוקולוב 3,6426-627-33,דירה בבית קומות,4.0,חמישית,103.0,2682000,,,2024.0,,9.0,9180416024,1,6426627,False,,כפר סבא,סוקולוב,,6426-627-33,6426/627,26038.834951456312,32.1761110556,34.9030483066,2024
2024-08-02,2024-02-08,"שיינפיין 20, כפר סבא",שיינפיין 20,7621-479-33,דירה בבית קומות,6.0,ראשונה,142.1,4452000,,,2012.0,,7.0,9178896360,1,7621479,False,133% ב 10.6 שנים,כפר סבא,שיינפיין,12.55,7621-479-33,7621/479,31330.049261083743,32.196270036,34.8915448206,2024
2024-07-30,2024-07-30,"ברנר 12, כפר סבא",ברנר 12,6428-43-1,דירה בבית קומות,4.0,ראשונה,97.47,2490000,,,1977.0,,5.0,9189895276,1,642843,False,,כפר סבא,ברנר,,6428-43-1,6428/43,25546.321945213916,32.1783240149,34.9007797001,2024
2024-07-29,2024-07-29,"זמיר 11, כפר סבא",זמיר 11,9088-42-44,דירה בבית קומות,4.0,שניה,99.1,3150000,,,2008.0,,9.0,9190063108,1,908842,False,51% ב 7.5 שנים,כפר סבא,זמיר,6.8,9088-42-44,9088/42,31786.07467204844,32.1861043423,34.9277760934,2024
2024-07-28,2024-07-28,"נשר 7, כפר סבא",נשר 7,7598-182-2,דירה בבית קומות,4.0,שישית,110.0,3525000,,,2007.0,,2.0,9190544256,1,7598182,False,,כפר סבא,נשר,,7598-182-2,7598/182,32045.454545454544,32.1855839991,34.9265468219,2024
2024-07-24,2024-07-24,"זמיר 11, כפר סבא",זמיר 11,9088-42-65,דירה בבית קומות,4.0,חמישית,100.1,3200000,,,2008.0,,9.0,9189532084,1,908842,False,97% ב 11.9 שנים,כפר סבא,זמיר,8.15,9088-42-65,9088/42,31968.03196803197,32.1861043423,34.9277760934,2024
2024-07-24,2024-07-24,"הראשונים 14, כפר סבא",הראשונים 14,6435-276-14,דירה בבית קומות,5.0,"חמישית, שישית",155.8,3815000,,,2001.0,,6.0,9189339684,1,6435276,False,36% ב 3.1 שנים,כפר סבא,הראשונים,11.61,6435-276-14,6435/276,24486.52118100128,32.1697729171,34.9206066593,2024
2024-07-23,2024-07-23,"רופין 36, כפר סבא",רופין 36,6435-280-50,דירה בבית קומות,3.0,אחת עשרה,81.0,2750000,,,2026.0,,17.0,9190311008,1,6435280,False,,כפר סבא,רופין,,6435-280-50,6435/280,33950.61728395062,32.1694676515,34.919622311,2024
2024-07-23,2024-07-23,"רוטשילד 36, כפר סבא",רוטשילד 36,6441-147-17,דירה בבית קומות,5.0,רביעית,109.9,2400000,,,1970.0,,7.0,9189992882,1,6441147,False,,כפר סבא,רוטשילד,,6441-147-17,6441/147,21838.03457688808,32.1736368741,34.9083813412,2024
2024-07-23,2024-07-23,"גאולה 26, כפר סבא",גאולה 26,6426-667-17,דירה בבית קומות,4.0,ראשונה,107.92,3000000,,,1985.0,,6.0,9189156534,1,6426667,False,73% ב 6.4 שנים,כפר סבא,גאולה,11.41,6426-667-17,6426/667,27798.369162342475,32.1740992448,34.899264056,2024
2024-07-22,2024-07-22,"רופין 36, כפר סבא",רופין 36,6435-280-29,,3.0,אחת עשרה,81.0,2750000,1.0,,,,17.0,11181278054,1,6435280,False,,כפר סבא,רופין,,6435-280-29,6435/280,33950.61728395062,32.1694676515,34.919622311,2024
2024-07-22,2024-07-22,"ירושלים 6, כפר סבא",ירושלים 6,6441-179-17,דירה בבית קומות,5.0,שישית,117.0,4195000,,,1963.0,2029.0,4.0,9190697510,1,6441179,False,,כפר סבא,ירושלים,,6441-179-17,6441/179,35854.70085470085,32.173469629,34.9054986849,2024
2024-07-21,2024-07-21,"ויצמן 171, כפר סבא",ויצמן 171,6435-173-25,דירה בבית קומות,4.5,רביעית,100.79,2550000,,,1989.0,,5.0,9188834264,1,6435173,False,104% ב 12 שנים,כפר סבא,ויצמן,8.67,6435-173-25,6435/173,25300.128981049707,32.1732915529,34.9186809565,2024
2024-07-21,2024-07-21,"הגר""א 4, כפר סבא","הגר""א 4",6426-170-0,דירת גן,2.0,ראשונה,49.0,1930000,,,2027.0,,3.0,9189897792,1,6426170,False,,כפר סבא,"הגר""א",,6426-170-0,6426/170,39387.755102040814,32.1724473741,34.9063186583,2024
2024-07-16,2024-07-16,"הרעות 7, כפר סבא",הרעות 7,6435-299-11,דירה בבית קומות,3.0,קומה ‎2‏,83.92,2800000,,,2015.0,,8.0,9188629654,1,6435299,False,,כפר סבא,הרעות,,6435-299-11,6435/299,33365.109628217346,32.1683299482,34.9218453504,2024
2024-07-16,2024-07-16,"משה דיין 29, כפר סבא",משה דיין 29,6436-105-2,דירה בבית קומות,6.0,קרקע+א'+ב',146.79,3950000,,,1970.0,,,9190726074,1,6436105,False,,כפר סבא,דיין משה,,6436-105-2,6436/105,26909.189999318754,32.1755914729,34.9199628026,2024
2024-07-16,2024-07-16,"רוטשילד 71, כפר סבא",רוטשילד 71,6440-151-26,דירה בבית קומות,4.0,שישית,82.5,2350000,,,1970.0,,7.0,9188547292,1,6440151,False,,כפר סבא,רוטשילד,,6440-151-26,6440/151,28484.848484848484,32.1774456723,34.9088267198,2024
2024-07-15,2024-07-15,"ברקן 8, כפר סבא",ברקן 8,6430-201-50,דירה בבית קומות,4.5,ראשונה,98.0,3500000,,,1995.0,,5.0,9188547884,1,6430201,False,92% ב 10.2 שנים,כפר סבא,ברקן,9.02,6430-201-50,6430/201,35714.28571428572,32.185874872,34.896253818,2024
2024-07-15,2024-07-15,"נורדאו 4, כפר סבא",נורדאו 4,6435-285-3,דירה בבית קומות,4.0,ראשונה,99.0,2800000,,,1998.0,,5.0,9190690184,1,6435285,False,92% ב 9.3 שנים,כפר סבא,נורדאו,9.89,6435-285-3,6435/285,28282.828282828283,32.1720661482,34.9188636311,2024
2024-07-15,2024-07-15,"הגר""א 4, כפר סבא","הגר""א 4",6426-170-3,דירת גן,3.0,ראשונה,67.0,2230000,,,2027.0,,3.0,9189901418,1,6426170,False,69% ב 13 שנים,כפר סבא,"הגר""א",5.31,6426-170-3,6426/170,33283.58208955224,32.1724473741,34.9063186583,2024
2024-07-15,2024-07-15,"אהרונוביץ 7, כפר סבא",אהרונוביץ 7,6426-85-10,דירה בבית קומות,5.0,חמישית שישית,123.6,3700000,,,1970.0,,5.0,9189665728,1,642685,False,109% ב 13.7 שנים,כפר סבא,אהרונוביץ,7.96,6426-85-10,6426/85,29935.27508090615,32.1722884401,34.9023218558,2024
2024-07-14,2024-07-14,"הגליל 43, כפר סבא",הגליל 43,6433-668-82,דירה בבית קומות,4.0,חמישית,99.3,2570000,,,1983.0,,8.0,9188496602,1,6433668,False,88% ב 13.5 שנים,כפר סבא,הגליל,6.52,6433-668-82,6433/668,25881.168177240685,32.1785861703,34.9180027916,2024
2024-07-08,2024-08-07,"חסידה 5, כפר סבא",חסידה 5,9088-44-2,דירה בבית קומות,4.0,ראשונה,105.0,3950000,,,2009.0,,9.0,9191812246,1,908844,False,39% ב 13.6 שנים,כפר סבא,חסידה,2.87,9088-44-2,9088/44,37619.04761904762,32.1871211196,34.9260895113,2024
2024-07-08,2024-08-07,"בז 1, כפר סבא",בז 1,9088-29-26,דירה בבית קומות,4.0,רביעית,91.6,2200000,,,2008.0,,6.0,9189920214,1,908829,False,28% ב 13.2 שנים,כפר סבא,בז,2.12,9088-29-26,9088/29,24017.4672489083,32.1864555467,34.9258899043,2024
2024-07-08,2024-08-07,"אברהם קרן 14, כפר סבא",אברהם קרן 14,6439-411-34,דירה בבית קומות,5.0,שלישית,114.4,2775000,,,1978.0,,8.0,9190764628,1,6439411,False,,כפר סבא,קרן אברהם,,6439-411-34,6439/411,24256.993006993005,32.1711035334,34.9121215196,2024
2024-07-08,2024-08-07,"גולומב 22, כפר סבא",גולומב 22,6428-672-5,דירה בבית קומות,5.0,שלישית+רביעית,118.08,3400000,,,1986.0,,2.0,9190003316,1,6428672,False,87% ב 8.4 שנים,כפר סבא,גולומב,10.36,6428-672-5,6428/672,28794.037940379403,32.1788092362,34.9001916107,2024
2024-07-08,2024-08-07,"עמק איילון 10, כפר סבא",עמק איילון 10,7618-185-16,דירה בבית קומות,5.0,רביעית+גג,88.45,3030000,,,2000.0,,5.0,9190410686,1,7618185,False,106% ב 10.8 שנים,כפר סבא,עמק אילון,9.81,7618-185-16,7618/185,34256.64217071792,32.1788041741,34.9336591089,2024
2024-07-07,2024-07-07,"זאב גלר 28, כפר סבא",זאב גלר 28,6427-171-6,דירה בבית קומות,5.0,שלישית,132.0,3461000,,,2026.0,,1.0,9188091822,1,6427171,False,,כפר סבא,גלר זאב,,6427-171-6,6427/171,26219.696969696968,32.1739365024,34.8959533179,2024
2024-07-07,2024-07-07,"שיינפיין 17, כפר סבא",שיינפיין 17,7621-478-53,דירה בבית קומות,4.0,שלישית,93.3,3550000,,,2011.0,,6.0,9188018562,1,7621478,False,112% ב 12.7 שנים,כפר סבא,שיינפיין,8.82,7621-478-53,7621/478,38049.30332261522,32.1971888463,34.8908526205,2024
2024-07-07,2024-07-07,"זליוונסקי 4, כפר סבא",זליוונסקי 4,7621-446-47,דירה בבית קומות,4.0,שישית,130.0,3330000,,,2014.0,,8.0,9189348194,1,7621446,False,,כפר סבא,זליוונסקי,,7621-446-47,7621/446,25615.384615384617,32.1937756653,34.8923651091,2024
2024-07-06,2024-06-07,"רופין 36, כפר סבא",רופין 36,6435-280-54,דירה בבית קומות,3.0,שש עשרה,80.0,2855000,,,2026.0,,17.0,9187188800,1,6435280,False,,כפר סבא,רופין,,6435-280-54,6435/280,35687.5,32.1694676515,34.919622311,2024
2024-07-05,2024-05-07,"רופין 36, כפר סבא",רופין 36,6435-280-55,דירה בבית קומות,5.0,ארבע עשרה,124.0,3749000,,,2026.0,,17.0,9185231574,1,6435280,False,,כפר סבא,רופין,,6435-280-55,6435/280,30233.870967741936,32.1694676515,34.919622311,2024
2024-07-05,2024-05-07,"ברקן 10, כפר סבא",ברקן 10,6430-201-24,דירה בבית קומות,4.5,ראשונה,83.0,2800000,,,1994.0,,4.0,9184370806,1,6430201,False,52% ב 7.4 שנים,כפר סבא,ברקן,7.03,6430-201-24,6430/201,33734.93975903615,32.185874872,34.896253818,2024
2024-07-04,2024-04-07,"המעפילים 4, כפר סבא",המעפילים 4,6428-348-35,דירה בבית קומות,5.0,שישית,128.0,4595000,,,1965.0,2027.0,3.0,9182926400,1,6428348,False,,כפר סבא,המעפילים,,6428-348-35,6428/348,35898.4375,32.1780282192,34.8997049173,2024
2024-07-04,2024-04-07,"חטיבת אלכסנדרוני 7, כפר סבא",חטיבת אלכסנדרוני 7,7603-103-3,דירה בבית קומות,4.0,ראשונה,98.0,2630000,,,1995.0,,1.0,9183770592,1,7603103,False,,כפר סבא,חטיבת אלכסנדרוני,,7603-103-3,7603/103,26836.73469387755,32.1830684996,34.9327627278,2024
2024-07-03,2024-03-07,"מבצע יונתן 8, כפר סבא",מבצע יונתן 8,6433-669-12,דירה בבית קומות,3.0,שלישית,63.17,2170000,,,1970.0,,4.0,9180608276,1,6433669,False,58% ב 7.5 שנים,כפר סבא,מבצע יונתן,7.73,6433-669-12,6433/669,34351.74924806079,32.1787522413,34.9171636267,2024
2024-07-03,2024-03-07,"הרצל 77, כפר סבא",הרצל 77,6438-276-18,דירה בבית קומות,3.5,רביעית,89.45,2500000,,,1980.0,,6.0,9181818398,1,6438276,False,45% ב 7.7 שנים,כפר סבא,הרצל,5.84,6438-276-18,6438/276,27948.574622694243,32.1771306157,34.9114242017,2024
2024-07-03,2024-03-07,"ויצמן 53, כפר סבא",ויצמן 53,6428-686-10,דירת גג,6.0,רביעית+גג,166.0,4200000,,,1997.0,,4.0,9180623520,1,6428686,False,,כפר סבא,ויצמן,,6428-686-10,6428/686,25301.204819277107,32.177122014,34.9016960121,2024
2024-07-02,2024-02-07,"רופין 36, כפר סבא",רופין 36,6435-280-9,,3.0,שלוש עשרה,75.0,2600000,1.0,,,,17.0,11181278079,1,6435280,False,,כפר סבא,רופין,,6435-280-9,6435/280,34666.666666666664,32.1694676515,34.919622311,2024
2024-07-02,2024-02-07,"רופין 36, כפר סבא",רופין 36,6435-280-8,,4.0,שניה,92.0,2820000,1.0,,,,17.0,11181278078,1,6435280,False,,כפר סבא,רופין,,6435-280-8,6435/280,30652.17391304348,32.1694676515,34.919622311,2024
2024-07-02,2024-02-07,"אנגל 39, כפר סבא",אנגל 39,7621-557-73,דירה בבית קומות,5.0,קומה ‎4‏,114.1,4060000,,,2016.0,,8.0,9178768266,1,7621557,False,83% ב 9.3 שנים,כפר סבא,אנגל,8.92,7621-557-73,7621/557,35582.82208588957,32.1967790173,34.8966356907,2024
2024-07-01,2024-01-07,"ארלוזורוב 40, כפר סבא",ארלוזורוב 40,6426-1031-9,דירת גג,6.0,רביעית + חמישית,179.62,5180000,,,2010.0,,5.0,9177433602,1,64261031,False,67% ב 6.8 שנים,כפר סבא,ארלוזורוב,9.85,6426-1031-9,6426/1031,28838.65939204988,32.1704396465,34.9052179061,2024
2024-06-30,2024-06-30,"המוביל 27, כפר סבא",המוביל 27,7606-123-25,דירה בבית קומות,3.0,רביעית,72.1,2510000,,,2002.0,,6.0,9187591286,1,7606123,False,58% ב 8.9 שנים,כפר סבא,המוביל,6.52,7606-123-25,7606/123,34812.7600554785,32.1806013953,34.9304832691,2024
2024-06-30,2024-06-30,"רבקה גובר 4, כפר סבא",רבקה גובר 4,6435-143-7,דירה בבית קומות,4.0,שלישית,103.79,2517000,,,1990.0,,5.0,9187666248,1,6435143,False,,כפר סבא,גובר רבקה,,6435-143-7,6435/143,24250.891222661143,32.1724273228,34.9178938376,2024
2024-06-30,2024-06-30,"הכלנית 28, כפר סבא",הכלנית 28,6427-558-10,דירה בבית קומות,4.0,ראשונה,99.5,2700000,,,1990.0,,4.0,9188604642,1,6427558,False,92% ב 11 שנים,כפר סבא,הכלנית,8.36,6427-558-10,6427/558,27135.6783919598,32.1728602721,34.8939191022,2024
2024-06-30,2024-06-30,"ויצמן 152, כפר סבא",ויצמן 152,6439-34-4,דירה בבית קומות,5.0,שלישית,120.0,3430000,,,2022.0,,,9187630210,1,643934,False,,כפר סבא,ויצמן,,6439-34-4,6439/34,28583.33333333333,32.174021898,34.912942759,2024
2024-06-27,2024-06-27,"הדרור 4, כפר סבא",הדרור 4,6426-648-26,דירת גג,5.5,שביעית+גג,127.0,4150000,,,1980.0,,7.0,9187435590,1,6426648,False,100% ב 6.5 שנים,כפר סבא,הדרור,15.38,6426-648-26,6426/648,32677.165354330707,32.1742068086,34.9002882864,2024
2024-06-27,2024-06-27,"נחליאלי 5, כפר סבא",נחליאלי 5,7604-70-30,דירה בבית קומות,6.0,שניה  + שלישית,117.0,3540000,,,1995.0,,3.0,9187577744,1,760470,False,25% ב 2.2 שנים,כפר סבא,נחליאלי,11.36,7604-70-30,7604/70,30256.410256410258,32.1865267095,34.9302169779,2024
2024-06-26,2024-06-26,"השקמה 2, כפר סבא",השקמה 2,7602-185-14,דירה בבית קומות,3.0,שלישית,60.2,4030000,,,2021.0,,4.0,9187410504,1,7602185,False,62% ב 3.4 שנים,כפר סבא,השקמה,18.24,7602-185-14,7602/185,66943.52159468438,32.1800083414,34.9399137238,2024
2024-06-24,2024-06-24,"בן גוריון 52, כפר סבא",בן גוריון 52,6439-475-8,דירה בבית קומות,5.0,רביעית+קרקע תחתונה,101.11,3300000,,,1999.0,,7.0,9187314674,1,6439475,False,7% ב 2.3 שנים,כפר סבא,בן גוריון,3.04,6439-475-8,6439/475,32637.72129364059,32.171674931,34.9105007902,2024
2024-06-17,2024-06-17,"גיל 7, כפר סבא",גיל 7,6427-671-15,דירה בבית קומות,4.0,שניה,93.92,3020000,,,2007.0,,15.0,9186841518,1,6427671,True,-12% ב 6.8 שנים,כפר סבא,גיל,-1.76,6427-671-15,6427/671,32155.02555366269,32.1763628154,34.8912225112,2024
2024-06-17,2024-06-17,"ברקן 3, כפר סבא",ברקן 3,6430-199-49,דירה בבית קומות,4.5,קרקע,95.0,4100000,,,1996.0,,5.0,9186891468,1,6430199,False,69% ב 6.2 שנים,כפר סבא,ברקן,11.13,6430-199-49,6430/199,43157.89473684211,32.186726299,34.8971262616,2024
2024-06-17,2024-06-17,"שיינפיין 10, כפר סבא",שיינפיין 10,7621-582-13,דירה בבית קומות,4.0,קומה ‎5‏,97.9,3400000,,,2017.0,,7.0,9186834784,1,7621582,False,,כפר סבא,שיינפיין,,7621-582-13,7621/582,34729.31562819203,32.1950464303,34.8913458744,2024
2024-06-16,2024-06-16,"גיל 7, כפר סבא",גיל 7,6427-671-14,דירה בבית קומות,4.0,שניה,104.75,3400000,,,2007.0,,15.0,9186857354,1,6427671,False,,כפר סבא,גיל,,6427-671-14,6427/671,32458.2338902148,32.1763628154,34.8912225112,2024
2024-06-13,2024-06-13,"רופין 44, כפר סבא",רופין 44,6435-247-23,דירה בבית קומות,4.0,קרקע תחתונה+שניה,81.8,2770000,,,2000.0,,5.0,9186651708,1,6435247,False,59% ב 8 שנים,כפר סבא,רופין,7.38,6435-247-23,6435/247,33863.08068459658,32.1688329982,34.9220839382,2024
2024-06-06,2024-06-06,"רופין 36, כפר סבא",רופין 36,6435-280-7,,3.0,שש עשרה,80.0,2855000,1.0,,,,17.0,11181278077,1,6435280,False,,כפר סבא,רופין,,6435-280-7,6435/280,35687.5,32.1694676515,34.919622311,2024
2024-06-06,2024-06-06,"סוסנובסקי 6, כפר סבא",סוסנובסקי 6,7621-436-50,דירה בבית קומות,6.0,שניה,136.5,4500000,,,2012.0,,6.0,9186602720,1,7621436,False,,כפר סבא,סוסנובסקי,,7621-436-50,7621/436,32967.03296703297,32.1948651687,34.892511317,2024
2024-06-06,2024-06-06,"משה שרת 5, כפר סבא",משה שרת 5,6441-162-5,דירה בבית קומות,4.0,ראשונה,118.03,3000000,,,1980.0,,9.0,9186295028,1,6441162,False,57% ב 8.3 שנים,כפר סבא,שרת משה,6.87,6441-162-5,6441/162,25417.26679657714,32.1730804702,34.9086550692,2024
2024-06-06,2024-06-06,"חניתה 5, כפר סבא",חניתה 5,6428-564-60,דירה בבית קומות,5.0,שניה,115.0,3700000,,,1994.0,,9.0,9186263356,1,6428564,False,,כפר סבא,חניתה,,6428-564-60,6428/564,32173.91304347826,32.1804137501,34.9044306329,2024
2024-06-05,2024-05-06,"רופין 36, כפר סבא",רופין 36,6435-280-56,דירה בבית קומות,4.0,שלישית,103.0,3035000,,,2026.0,,17.0,9185600982,1,6435280,False,,כפר סבא,רופין,,6435-280-56,6435/280,29466.019417475727,32.1694676515,34.919622311,2024
2024-06-03,2024-03-06,"גיל 2, כפר סבא",גיל 2,6427-452-9,דירה בבית קומות,4.0,שלישית,68.5,2460000,,,2021.0,,4.0,9180321378,1,6427452,False,51% ב 2.5 שנים,כפר סבא,גיל,20.4,6427-452-9,6427/452,35912.40875912409,32.1775231535,34.8933197304,2024
2024-06-03,2024-03-06,"המפלס 12, כפר סבא",המפלס 12,6433-548-54,דירה בבית קומות,3.0,שישית,62.56,1940000,,,1970.0,,8.0,9180366518,1,6433548,False,64% ב 10.9 שנים,כפר סבא,המפלס,5.87,6433-548-54,6433/548,31010.23017902813,32.1775000503,34.9163727512,2024
2024-06-03,2024-03-06,"הרצל 27, כפר סבא",הרצל 27,6439-496-10,דירה בבית קומות,4.0,ב,79.87,2600000,,,1970.0,,4.0,9180696188,1,6439496,False,,כפר סבא,הרצל,,6439-496-10,6439/496,32552.898459997494,32.1722937558,34.9101440741,2024
2024-06-02,2024-02-06,,,6438-171-5,דירה בבית קומות,3.0,שניה,80.0,2520000,,,2027.0,,,9179086392,2,6438171,False,,כפר סבא,המיסדים,,6438-171-5,6438/171,31500.0,32.1758006467,34.909833038,2024
2024-06-02,2024-02-06,"רופין 36, כפר סבא",רופין 36,6435-280-65,דירה בבית קומות,4.0,אחת עשרה,108.0,3210000,,,2026.0,,17.0,9178955708,1,6435280,False,,כפר סבא,רופין,,6435-280-65,6435/280,29722.222222222223,32.1694676515,34.919622311,2024
2024-06-02,2024-02-06,"אהרונוביץ 5, כפר סבא",אהרונוביץ 5,6426-989-6,דירה בבית קומות,5.0,שלישית,125.0,3350000,,,1998.0,,4.0,9178531392,1,6426989,False,142% ב 18.4 שנים,כפר סבא,אהרונוביץ,7.72,6426-989-6,6426/989,26800.0,32.1723532613,34.9021010328,2024
2024-06-02,2024-02-06,"ארלוזורוב 25, כפר סבא",ארלוזורוב 25,6426-1100-9,דירה בבית קומות,2.0,קומה ‎5‏,68.7,1919000,,,2021.0,,7.0,9178385464,1,64261100,False,,כפר סבא,ארלוזורוב,,6426-1100-9,6426/1100,27933.042212518198,32.1709141764,34.9047996127,2024
2024-05-30,2024-05-30,"בז 1, כפר סבא",בז 1,9088-29-13,דירה בבית קומות,5.0,חמישית,146.9,4250000,,,2008.0,,6.0,9186318338,1,908829,False,,כפר סבא,בז,,9088-29-13,9088/29,28931.245745405035,32.1864555467,34.9258899043,2024
2024-05-30,2024-05-30,"הגולן 3, כפר סבא",הגולן 3,6426-720-8,דירה בבית קומות,4.0,שלישית,96.24,3030000,,,1998.0,,7.0,9185967282,1,6426720,False,189% ב 25 שנים,כפר סבא,הגולן,7.56,6426-720-8,6426/720,31483.79052369077,32.1758068813,34.9007406834,2024
2024-05-30,2024-05-30,"הגליל 45, כפר סבא",הגליל 45,6433-668-9,דירה בבית קומות,4.0,שלישית,79.95,2460000,,,1980.0,,9.0,9186136446,1,6433668,False,38% ב 5.3 שנים,כפר סבא,הגליל,7.17,6433-668-9,6433/668,30769.23076923077,32.1785861703,34.9180027916,2024
2024-05-29,2024-05-29,"ויינברג 4, כפר סבא",ויינברג 4,7621-580-46,דירה בבית קומות,5.0,קומה ‎4‏,115.1,4100000,,,2010.0,,8.0,9186176628,1,7621580,False,173% ב 14.3 שנים,כפר סבא,ויינברג,12.1,7621-580-46,7621/580,35621.19895742832,32.1956239125,34.8928647013,2024
2024-05-29,2024-05-29,"אז""ר 83, כפר סבא","אז""ר 83",6432-95-4,דירה בבית קומות,4.0,שניה,79.12,2760000,,,1997.0,,,9185876262,1,643295,False,213% ב 24.1 שנים,כפר סבא,"אז""ר",8.84,6432-95-4,6432/95,34883.72093023256,32.18237331,34.9174230971,2024
2024-05-29,2024-05-29,"ירושלים 3, כפר סבא",ירושלים 3,6441-223-6,דירה בבית קומות,5.0,ב,130.0,3670000,,,1969.0,,4.0,9186154650,1,6441223,False,,כפר סבא,ירושלים,,6441-223-6,6441/223,28230.76923076923,32.1735630872,34.9043715463,2024
2024-05-27,2024-05-27,"המעפילים 15, כפר סבא",המעפילים 15,6428-413-3,דירה בבית קומות,3.0,ראשונה,70.0,1000000,,,1970.0,,6.0,9185730334,1,6428413,False,,כפר סבא,המעפילים,,6428-413-3,6428/413,14285.714285714286,32.1806042381,34.9000013291,2024
2024-05-27,2024-05-27,,,6441-405-7,דירה בבית קומות,3.0,שתים עשרה,84.0,3000000,,,2021.0,,,9186265872,2,6441405,False,,כפר סבא,ירושלים,,6441-405-7,6441/405,35714.28571428572,32.1753898952,34.9064646748,2024
2024-05-27,2024-05-27,"שפרינצק 12, כפר סבא",שפרינצק 12,6428-329-4,דירה בבית קומות,5.0,ב',115.0,4270000,,,1970.0,,2.0,9187138850,1,6428329,False,96% ב 7.8 שנים,כפר סבא,שפרינצק,12.31,6428-329-4,6428/329,37130.434782608696,32.1809895863,34.905665223,2024
2024-05-26,2024-05-26,"אירוס 8, כפר סבא",אירוס 8,6427-492-9,דירה בבית קומות,4.0,שלישית,100.49,2670000,,,1984.0,,5.0,9185819578,1,6427492,False,58% ב 9 שנים,כפר סבא,אירוס,6.44,6427-492-9,6427/492,26569.807941088668,32.1733618623,34.8952208311,2024
2024-05-24,2024-05-24,"עמק זבולון 2, כפר סבא",עמק זבולון 2,7618-205-16,דירה בבית קומות,4.0,ראשונה,84.9,2644000,,,1998.0,,4.0,9185901940,1,7618205,False,77% ב 10.5 שנים,כפר סבא,עמק זבולון,7.33,7618-205-16,7618/205,31142.520612485278,32.1814997264,34.9317080941,2024
2024-05-24,2024-05-24,"עלי מוהר 2, כפר סבא",עלי מוהר 2,6429-276-54,דירה בבית קומות,4.0,שישית,108.0,3320000,,,2014.0,,9.0,9185900756,1,6429276,False,95% ב 10.5 שנים,כפר סבא,מוהר עלי,9.05,6429-276-54,6429/276,30740.74074074074,32.187987067,34.8913369821,2024
2024-05-23,2024-05-23,"גיל 7, כפר סבא",גיל 7,6427-671-86,דירה בבית קומות,5.0,חמש עשרה,135.75,4555000,,,2007.0,,15.0,9185513588,1,6427671,False,141% ב 17.6 שנים,כפר סבא,גיל,8.01,6427-671-86,6427/671,33554.327808471455,32.1763628154,34.8912225112,2024
2024-05-23,2024-05-23,"דב הוז 25, כפר סבא",דב הוז 25,6428-449-73,דירה בבית קומות,5.0,שלישית,106.3,2900000,,,1980.0,,7.0,9185662624,1,6428449,False,,כפר סבא,הוז דב,,6428-449-73,6428/449,27281.279397930382,32.1796077931,34.9027829803,2024
2024-05-22,2024-05-22,,,6441-405-8,דירה בבית קומות,5.0,שמינית,125.0,3850000,,,2021.0,,,9186971462,2,6441405,False,,כפר סבא,ירושלים,,6441-405-8,6441/405,30800.0,32.1753898952,34.9064646748,2024
2024-05-21,2024-05-21,"נלקין 10, כפר סבא",נלקין 10,7621-560-180,דירה בבית קומות,4.0,קומה ‎4‏,115.2,3350000,,,2016.0,,16.0,9185878186,1,7621560,False,,כפר סבא,נלקין,,7621-560-180,7621/560,29079.86111111111,32.1965952142,34.8959146208,2024
2024-05-20,2024-05-20,"שיינפיין 7, כפר סבא",שיינפיין 7,7621-477-57,דירה בבית קומות,5.0,שלישית,139.0,4700000,,,2017.0,,7.0,9185338948,1,7621477,False,,כפר סבא,שיינפיין,,7621-477-57,7621/477,33812.94964028777,32.1960002894,34.8907312715,2024
2024-05-19,2024-05-19,"אוסטשינסקי 5, כפר סבא",אוסטשינסקי 5,6426-968-4,דירה בבית קומות,3.0,רביעית,83.0,2950000,,,2024.0,,1.0,9185139444,1,6426968,False,,כפר סבא,אוסטשינסקי,,6426-968-4,6426/968,35542.1686746988,32.1714324705,34.9039314895,2024
2024-05-18,2024-05-18,"אוסטשינסקי 5, כפר סבא",אוסטשינסקי 5,6426-968-3,,3.0,רביעית,83.0,2950000,1.0,,,,1.0,11181277989,1,6426968,False,,כפר סבא,אוסטשינסקי,,6426-968-3,6426/968,35542.1686746988,32.1714324705,34.9039314895,2024
2024-05-16,2024-05-16,"אח""י דקר 1, כפר סבא","אח""י דקר 1",6435-70-57,דירה בבית קומות,3.0,רביעית,54.4,1850000,,,1960.0,,4.0,9185728558,1,643570,False,,כפר סבא,"אח""י דקר",,6435-70-57,6435/70,34007.35294117647,32.1731486353,34.921557825,2024
2024-05-15,2024-05-15,,,6441-405-9,דירה בבית קומות,4.0,רביעית,95.0,3210000,,,2021.0,,,9186256622,2,6441405,False,,כפר סבא,ירושלים,,6441-405-9,6441/405,33789.47368421053,32.1753898952,34.9064646748,2024
2024-05-15,2024-05-15,"המעפילים 4, כפר סבא",המעפילים 4,6428-348-34,דירה בבית קומות,4.0,חמישית,105.0,2915000,,,1965.0,2027.0,3.0,9185230464,1,6428348,False,,כפר סבא,המעפילים,,6428-348-34,6428/348,27761.904761904763,32.1780282192,34.8997049173,2024
2024-05-15,2024-05-15,"הכרמל 75, כפר סבא",הכרמל 75,6433-725-40,דירה בבית קומות,5.0,קומה ‎5‏,124.2,4100000,,,2007.0,,7.0,9185688894,1,6433725,False,,כפר סבא,הכרמל,,6433-725-40,6433/725,33011.272141706926,32.1772444102,34.9139330476,2024
2024-05-09,2024-09-05,"הארזים 4, כפר סבא",הארזים 4,6437-88-3,דירה בבית קומות,3.5,ראשונה,67.8,2300000,,,1970.0,,4.0,9191707758,1,643788,False,39% ב 5.5 שנים,כפר סבא,הארזים,7.09,6437-88-3,6437/88,33923.30383480826,32.1724578491,34.9141495686,2024
2024-05-09,2024-09-05,"רוטשילד 80, כפר סבא",רוטשילד 80,6438-209-27,דירה בבית קומות,3.0,רביעית,65.05,2220000,,,1970.0,,4.0,9191782794,1,6438209,False,111% ב 13.2 שנים,כפר סבא,רוטשילד,8.41,6438-209-27,6438/209,34127.59415833974,32.1772980582,34.9100514118,2024
2024-05-09,2024-09-05,"השמחה 2, כפר סבא",השמחה 2,6429-221-8,דירה בבית קומות,5.0,שלישית+רביעית,121.98,4200000,,,1997.0,,6.0,9191858570,1,6429221,False,31% ב 2.7 שנים,כפר סבא,שמחה הולצברג,11.48,6429-221-8,6429/221,34431.87407771766,32.1839170771,34.8939126901,2024
2024-05-08,2024-08-05,"הרעות 13, כפר סבא",הרעות 13,6435-245-6,דירה בבית קומות,3.0,קרקע תחתונה+שניה,74.0,2420000,,,2000.0,,1.0,9190849432,1,6435245,False,32% ב 3.3 שנים,כפר סבא,הרעות,9.7,6435-245-6,6435/245,32702.702702702703,32.1696525465,34.9226662034,2024
2024-05-06,2024-06-05,"שאול המלך 6, כפר סבא",שאול המלך 6,7601-54-4,דירה בבית קומות,2.0,שניה,39.5,1600000,,,1964.0,,4.0,9187310974,1,760154,False,,כפר סבא,שאול המלך,,7601-54-4,7601/54,40506.32911392405,32.1836720032,34.9403861494,2024
2024-05-06,2024-06-05,"הנביאים 30, כפר סבא",הנביאים 30,7594-131-10,דירה בבית קומות,5.0,שלישית,98.9,2000000,,,1970.0,,5.0,9186226726,1,7594131,False,,כפר סבא,הנביאים,,7594-131-10,7594/131,20222.44691607685,32.1839005743,34.9377145469,2024
2024-05-06,2024-06-05,"עוזי נרקיס 6, כפר סבא",עוזי נרקיס 6,6433-724-9,דירה בבית קומות,5.0,קומה ‎2‏,117.4,3980000,,,2008.0,,5.0,9186210298,1,6433724,False,,כפר סבא,נרקיס עוזי,,6433-724-9,6433/724,33901.19250425894,32.178225451,34.9143059217,2024
2024-05-06,2024-06-05,"זמיר 11, כפר סבא",זמיר 11,9088-42-42,דירת גן,4.0,ראשונה,93.3,3640000,,,2008.0,,9.0,9186234644,1,908842,False,68% ב 10.9 שנים,כפר סבא,זמיר,6.24,9088-42-42,9088/42,39013.9335476956,32.1861043423,34.9277760934,2024
2024-05-05,2024-05-05,"רופין 36, כפר סבא",רופין 36,6435-280-5,,4.0,שלישית,103.0,3035000,1.0,,,,17.0,11181278075,1,6435280,False,,כפר סבא,רופין,,6435-280-5,6435/280,29466.019417475727,32.1694676515,34.919622311,2024
2024-05-04,2024-04-05,"עמק דותן 8, כפר סבא",עמק דותן 8,7618-164-6,דירה בבית קומות,4.0,קרקע+שניה,82.6,2725000,,,2000.0,,3.0,9183491686,1,7618164,False,49% ב 4.1 שנים,כפר סבא,עמק דותן,11.95,7618-164-6,7618/164,32990.31476997579,32.1804136824,34.9332285314,2024
2024-05-04,2024-04-05,"הרעות 7, כפר סבא",הרעות 7,6435-299-10,דירה בבית קומות,4.0,קומה ‎2‏,97.92,3280000,,,2015.0,,8.0,9182503342,1,6435299,False,,כפר סבא,הרעות,,6435-299-10,6435/299,33496.73202614379,32.1683299482,34.9218453504,2024
2024-05-03,2024-03-05,"הרעות 7, כפר סבא",הרעות 7,6435-299-43,דירה בבית קומות,5.0,קומה ‎3‏,117.24,3400000,,,2015.0,,8.0,9180298660,1,6435299,False,,כפר סבא,הרעות,,6435-299-43,6435/299,29000.34118048448,32.1683299482,34.9218453504,2024
2024-05-03,2024-03-05,"אמבר 20, כפר סבא",אמבר 20,6426-507-13,דירה בבית קומות,3.0,חמישית,80.0,2650000,,,1960.0,2024.0,2.0,9180232134,1,6426507,False,,כפר סבא,אימבר,,6426-507-13,6426/507,33125.0,32.1724600047,34.90369107,2024
2024-05-02,2024-02-05,"הגליל 74, כפר סבא",הגליל 74,6434-618-12,דירה בבית קומות,3.0,שניה,74.8,2400000,,,1996.0,,4.0,9178498980,1,6434618,False,,כפר סבא,הגליל,,6434-618-12,6434/618,32085.561497326205,32.1813044468,34.9195799325,2024
2024-05-02,2024-02-05,"עמק עירון 3, כפר סבא",עמק עירון 3,7618-319-23,דירה בבית קומות,5.0,ראשונה,112.8,3340000,,,2007.0,,6.0,9179597880,1,7618319,False,134% ב 15.5 שנים,כפר סבא,עמק עירון,8.65,7618-319-23,7618/319,29609.929078014186,32.177993855,34.9343234253,2024
2024-05-02,2024-02-05,"טשרניחובסקי 32, כפר סבא",טשרניחובסקי 32,6427-769-22,דירה בבית קומות,4.0,קומה ‎8‏,112.0,2985000,,,2015.0,,14.0,9178267656,1,6427769,False,,כפר סבא,טשרניחובסקי,,6427-769-22,6427/769,26651.785714285717,32.1777730335,34.8948161044,2024
2024-05-02,2024-02-05,"רופין 36, כפר סבא",רופין 36,6435-280-4,,4.0,אחת עשרה,108.0,3210000,1.0,,,,17.0,11181278066,1,6435280,False,,כפר סבא,רופין,,6435-280-4,6435/280,29722.222222222223,32.1694676515,34.919622311,2024
2024-05-02,2024-02-05,"רבקה גובר 4, כפר סבא",רבקה גובר 4,6435-143-26,דירה בבית קומות,4.0,רביעית,103.79,2170000,,,1990.0,,5.0,9178662594,1,6435143,False,,כפר סבא,גובר רבקה,,6435-143-26,6435/143,20907.601888428555,32.1724273228,34.9178938376,2024
2024-04-18,2024-04-18,"רופין 36, כפר סבא",רופין 36,6435-280-57,דירה בבית קומות,3.0,תשיעית,80.0,2670000,,,2026.0,,17.0,9184571642,1,6435280,False,,כפר סבא,רופין,,6435-280-57,6435/280,33375.0,32.1694676515,34.919622311,2024
2024-04-18,2024-04-18,"ויצמן 74, כפר סבא",ויצמן 74,6441-12-54,דירה בבית קומות,4.0,א,91.0,2300000,,,1960.0,,5.0,9183564946,1,644112,False,,כפר סבא,ויצמן,,6441-12-54,6441/12,25274.725274725275,32.1758121254,34.9050732626,2024
2024-04-18,2024-04-18,"זמיר 17, כפר סבא",זמיר 17,9088-11-14,דירה בבית קומות,7.0,חמישית+שישית+קרקע,152.4,10016000,,,2008.0,,5.0,9184716386,1,908811,False,,כפר סבא,זמיר,,9088-11-14,9088/11,65721.78477690289,32.1869026275,34.9282802154,2024
2024-04-18,2024-04-18,"ברקן 8, כפר סבא",ברקן 8,6430-201-52,דירה בבית קומות,4.0,שניה,82.0,2970000,,,1995.0,,5.0,9183802412,1,6430201,False,41% ב 4.9 שנים,כפר סבא,ברקן,8.37,6430-201-52,6430/201,36219.51219512195,32.185874872,34.896253818,2024
2024-04-17,2024-04-17,"אח""י דקר 2, כפר סבא","אח""י דקר 2",6435-71-30,דירה בבית קומות,3.0,רביעית,60.5,1800000,,,1950.0,,5.0,9183863314,1,643571,False,194% ב 5.1 שנים,כפר סבא,"אח""י דקר",38.04,6435-71-30,6435/71,29752.06611570248,32.1726135518,34.9214811214,2024
2024-04-17,2024-04-17,"ויצמן 146, כפר סבא",ויצמן 146,6439-345-12,דירה בבית קומות,4.0,שלישית,105.64,2860000,,,1990.0,,5.0,9183455056,1,6439345,False,,כפר סבא,ויצמן,,6439-345-12,6439/345,27073.07837940174,32.1738779958,34.9121309591,2024
2024-04-17,2024-04-17,"לובטקין צביה 6, כפר סבא",לובטקין צביה 6,6428-635-1,קוטג' דו משפחתי,6.0,קרקע+ראשונה+גג,191.5,6620000,,,1995.0,,2.0,9184748058,1,6428635,False,231% ב 18.8 שנים,כפר סבא,לובטקין צביה,12.29,6428-635-1,6428/635,34569.19060052219,32.1819157084,34.9014001761,2024
2024-04-17,2024-04-17,"צייטלין 13, כפר סבא",צייטלין 13,7621-254-1,דירה בבית קומות,2.0,ראשונה,32.31,706000,,,1950.0,,,9183783320,1,7621254,False,,כפר סבא,צייטלין,,7621-254-1,7621/254,21850.820179510985,32.1934252509,34.8954792211,2024
2024-04-17,2024-04-17,"העמק 48, כפר סבא",העמק 48,6436-82-8,דירה בבית קומות,4.0,שניה,86.01,2620000,,,1970.0,,6.0,9183908602,1,643682,False,44% ב 5.9 שנים,כפר סבא,העמק,7.46,6436-82-8,6436/82,30461.574235554,32.1756166328,34.9163811617,2024
2024-04-17,2024-04-17,"רופין 36, כפר סבא",רופין 36,6435-280-21,,3.0,תשיעית,80.0,2670000,1.0,,,,17.0,11181278046,1,6435280,False,,כפר סבא,רופין,,6435-280-21,6435/280,33375.0,32.1694676515,34.919622311,2024
2024-04-16,2024-04-16,"אמבר 20, כפר סבא",אמבר 20,6426-507-9,דירה בבית קומות,3.0,שביעית,70.0,2785000,,,1960.0,2024.0,2.0,9183226100,1,6426507,False,,כפר סבא,אימבר,,6426-507-9,6426/507,39785.71428571428,32.1724600047,34.90369107,2024
2024-04-16,2024-04-16,"קפלנסקי 16, כפר סבא",קפלנסקי 16,7620-313-2,דירה בבית קומות,3.0,קרקע,76.98,2550000,,,1996.0,,2.0,9183619262,1,7620313,False,177% ב 16 שנים,כפר סבא,קפלנסקי,11.06,7620-313-2,7620/313,33125.48713951676,32.1911843112,34.902744798,2024
2024-04-16,2024-04-16,"התחייה 15, כפר סבא",התחייה 15,6441-339-8,דירה בבית קומות,5.0,שלישית,106.47,4000000,,,1996.0,,7.0,9183289000,1,6441339,False,103% ב 9.4 שנים,כפר סבא,התחיה,10.96,6441-339-8,6441/339,37569.26833849911,32.1743037457,34.9041781465,2024
2024-04-15,2024-04-15,"האשל 7, כפר סבא",האשל 7,6433-583-17,דירה בבית קומות,4.0,ראשונה,106.5,2510000,,,1992.0,,5.0,9184586886,1,6433583,False,179% ב 21.3 שנים,כפר סבא,האשל,8.4,6433-583-17,6433/583,23568.07511737089,32.1799445279,34.9180409394,2024
2024-04-14,2024-04-14,"ויצמן 157, כפר סבא",ויצמן 157,6436-124-10,דירה בבית קומות,4.0,רביעית,88.25,2150000,,,1982.0,,5.0,9183249410,1,6436124,False,38% ב 8 שנים,כפר סבא,ויצמן,4.75,6436-124-10,6436/124,24362.606232294616,32.1738502436,34.9160309119,2024
2024-04-09,2024-09-04,"ירושלים 17, כפר סבא",ירושלים 17,6441-244-4,דירה בבית קומות,3.0,ראשונה,75.0,2415000,,,1970.0,,4.0,9191559314,1,6441244,False,16% ב 2.9 שנים,כפר סבא,ירושלים,5.52,6441-244-4,6441/244,32200.0,32.1745472602,34.90507091,2024
2024-04-09,2024-09-04,"שאול המלך 5, כפר סבא",שאול המלך 5,7600-154-22,דירה בבית קומות,3.0,שניה,53.7,1730000,,,1960.0,,5.0,9191828082,1,7600154,False,,כפר סבא,שאול המלך,,7600-154-22,7600/154,32216.01489757914,32.1841326888,34.9400483937,2024
2024-04-09,2024-09-04,"זאב גלר 28, כפר סבא",זאב גלר 28,6427-171-5,ללא תיכנון,,,,70000,,,,,1.0,9191617922,1,6427171,False,,כפר סבא,גלר זאב,,6427-171-5,6427/171,,32.1739365024,34.8959533179,2024
2024-04-09,2024-09-04,"טשרניחובסקי 13, כפר סבא",טשרניחובסקי 13,6427-452-32,דירה בבית קומות,4.0,רביעית,74.6,2260000,,,2021.0,,4.0,9192042386,1,6427452,False,73% ב 8 שנים,כפר סבא,טשרניחובסקי,9.12,6427-452-32,6427/452,30294.90616621984,32.1775231535,34.8933197304,2024
2024-04-09,2024-09-04,"ויצמן 145, כפר סבא",ויצמן 145,6438-360-7,דירה בבית קומות,4.0,שניה,110.0,3100000,,,2010.0,,19.0,9191978228,1,6438360,False,,כפר סבא,ויצמן,,6438-360-7,6438/360,28181.81818181818,32.1744817456,34.9136351947,2024
2024-04-08,2024-08-04,"שאול המלך 3, כפר סבא",שאול המלך 3,7600-147-16,דירה בבית קומות,2.0,ב',38.9,1550000,,,1960.0,,3.0,9189825716,1,7600147,False,19% ב 2.2 שנים,כפר סבא,שאול המלך,8.64,7600-147-16,7600/147,39845.75835475579,32.183651448,34.9395645122,2024
2024-04-07,2024-07-04,"רחל המשוררת 15, כפר סבא",רחל המשוררת 15,6433-28-2,דירה בבית קומות,6.0,ראשונה,282.0,11705000,,,1983.0,,1.0,9188229166,1,643328,False,,כפר סבא,רחל המשוררת,,6433-28-2,6433/28,41507.09219858156,32.1789658866,34.910824017,2024
2024-04-06,2024-06-04,"ארלוזורוב 25, כפר סבא",ארלוזורוב 25,6426-1100-29,דירה בבית קומות,4.0,קומה ‎5‏,116.9,3330000,,,2021.0,,7.0,9186110694,1,64261100,False,,כפר סבא,ארלוזורוב,,6426-1100-29,6426/1100,28485.88537211292,32.1709141764,34.9047996127,2024
2024-04-06,2024-06-04,"רופין 44, כפר סבא",רופין 44,6435-247-20,דירה בבית קומות,3.5,קרקע תחתונה+ראשונה,80.8,2700000,,,2000.0,,5.0,9186227318,1,6435247,False,86% ב 13.1 שנים,כפר סבא,רופין,6.56,6435-247-20,6435/247,33415.841584158414,32.1688329982,34.9220839382,2024
2024-04-06,2024-06-04,"ויצמן 198, כפר סבא",ויצמן 198,6435-253-10,דירה בבית קומות,4.0,שניה,95.0,3070000,,,2007.0,,4.0,9186158276,1,6435253,False,94% ב 10.7 שנים,כפר סבא,ויצמן,8.79,6435-253-10,6435/253,32315.78947368421,32.1718670967,34.9219194589,2024
2024-04-04,2024-04-04,"הכרמל 70, כפר סבא",הכרמל 70,6438-227-1,דירה בבית קומות,5.0,ראשונה,109.56,2700000,,,1983.0,,6.0,9182659112,1,6438227,False,,כפר סבא,הכרמל,,6438-227-1,6438/227,24644.03066812705,32.1766441714,34.9144610228,2024
2024-04-04,2024-04-04,"המעלות 1, כפר סבא",המעלות 1,6429-261-7,דירה בבית קומות,5.0,שלישית,102.7,3136000,,,1999.0,,4.0,9182314642,1,6429261,False,26% ב 2.9 שנים,כפר סבא,המעלות,8.97,6429-261-7,6429/261,30535.540408958128,32.1794641445,34.894854325,2024
2024-04-04,2024-04-04,"ויינברג 8, כפר סבא",ויינברג 8,7621-468-37,דירה בבית קומות,4.0,חמישית,123.7,3885000,,,2009.0,,9.0,9182576602,1,7621468,False,60% ב 7.4 שנים,כפר סבא,ויינברג,8.11,7621-468-37,7621/468,31406.62894098625,32.1968144607,34.8929793729,2024
2024-04-03,2024-03-04,"הרעות 7, כפר סבא",הרעות 7,6435-299-46,דירה בבית קומות,4.0,קומה ‎3‏,104.58,3100000,,,2015.0,,8.0,9180377470,1,6435299,False,,כפר סבא,הרעות,,6435-299-46,6435/299,29642.3790399694,32.1683299482,34.9218453504,2024
2024-04-03,2024-03-04,"ויצמן 16, כפר סבא",ויצמן 16,6426-191-6,דירה בבית קומות,3.5,שלישית,84.14,2350000,,,1970.0,,5.0,9180233466,1,6426191,False,,כפר סבא,ויצמן,,6426-191-6,6426/191,27929.64107439981,32.1773925035,34.8979373921,2024
2024-04-03,2024-03-04,"הגר""א 6, כפר סבא","הגר""א 6",6426-169-3,דירה בבית קומות,3.0,א,83.0,2700000,,,1950.0,2028.0,3.0,9181533868,1,6426169,False,,כפר סבא,"הגר""א",,6426-169-3,6426/169,32530.12048192771,32.172289271,34.9062683175,2024
2024-04-02,2024-02-04,"עמק חפר 4, כפר סבא",עמק חפר 4,7618-85-14,דירה בבית קומות,5.0,רביעית חמישית,118.41,3400000,,,2005.0,,6.0,9178362894,1,761885,False,,כפר סבא,עמק חפר,,7618-85-14,7618/85,28713.79106494384,32.1799001826,34.932624738,2024
2024-04-02,2024-02-04,"ההסתדרות 15, כפר סבא",ההסתדרות 15,6427-613-2,דירה בבית קומות,4.0,ראשונה,96.0,2650000,,,1999.0,,6.0,9179433600,1,6427613,False,59% ב 9.9 שנים,כפר סבא,ההסתדרות,5.96,6427-613-2,6427/613,27604.166666666668,32.1726896068,34.8944959547,2024
2024-04-02,2024-02-04,,,6438-171-9,דירה בבית קומות,4.0,חמישית,106.0,3200000,,,2027.0,,,9179143076,2,6438171,False,,כפר סבא,המיסדים,,6438-171-9,6438/171,30188.67924528302,32.1758006467,34.909833038,2024
2024-04-02,2024-02-04,"נחשון 4, כפר סבא",נחשון 4,6441-385-38,דירה בבית קומות,5.0,שלישית,122.4,4025000,,,2011.0,,10.0,9178212082,1,6441385,False,87% ב 12.9 שנים,כפר סבא,נחשון,6.74,6441-385-38,6441/385,32883.986928104576,32.1748489554,34.9047776469,2024
2024-04-01,2024-01-04,"הכרמל 44, כפר סבא",הכרמל 44,6438-345-2,דירה בבית קומות,5.0,ראשונה,109.0,3000000,,,1994.0,,6.0,9176570466,1,6438345,False,57% ב 10.8 שנים,כפר סבא,הכרמל,5.28,6438-345-2,6438/345,27522.935779816515,32.1775667102,34.9104331497,2024
2024-04-01,2024-01-04,"דוד זהבי 4, כפר סבא",דוד זהבי 4,6429-294-16,דירת גן,5.0,קרקע,112.55,4300000,,,2014.0,,5.0,9178183370,1,6429294,False,,כפר סבא,זהבי דוד,,6429-294-16,6429/294,38205.24211461573,32.1856929985,34.8929626922,2024
2024-04-01,2024-01-04,"הכרמל 24, כפר סבא",הכרמל 24,6440-278-1,דירה בבית קומות,4.0,רביעית,109.0,3250000,,,1960.0,,3.0,9176406186,1,6440278,False,,כפר סבא,הכרמל,,6440-278-1,6440/278,29816.51376146789,32.1781714092,34.9074621166,2024
2024-04-01,2024-01-04,"לוונברג 2, כפר סבא",לוונברג 2,7621-562-3,דירה בבית קומות,4.0,ראשונה,101.3,3300000,,,2011.0,,,9176282902,1,7621562,False,83% ב 8.8 שנים,כפר סבא,לוונברג,9.43,7621-562-3,7621/562,32576.50542941757,32.1958632006,34.8947243478,2024
2024-04-01,2024-01-04,"עמק חפר 4, כפר סבא",עמק חפר 4,7618-85-12,דירה בבית קומות,3.0,רביעית,82.95,2650000,,,2005.0,,6.0,9176448810,1,761885,False,50% ב 5.4 שנים,כפר סבא,עמק חפר,9.26,7618-85-12,7618/85,31946.95599758891,32.1799001826,34.932624738,2024
2024-03-31,2024-03-31,"לוי אשכול 45, כפר סבא",לוי אשכול 45,7602-138-8,דירה בבית קומות,3.0,א',46.5,1996000,,,1960.0,,3.0,9183921922,1,7602138,False,,כפר סבא,אשכול לוי,,7602-138-8,7602/138,42924.7311827957,32.1824000843,34.940273978,2024
2024-03-31,2024-03-31,"המפלס 6, כפר סבא",המפלס 6,6433-547-37,דירה בבית קומות,3.5,שניה,72.29,2100000,,,1970.0,,8.0,9182467896,1,6433547,False,75% ב 11.5 שנים,כפר סבא,המפלס,6.52,6433-547-37,6433/547,29049.661087287317,32.1776385274,34.9156852699,2024
2024-03-31,2024-03-31,,,6438-171-4,דירה בבית קומות,3.0,רביעית,80.0,2700000,,,2027.0,,,9182499716,2,6438171,False,,כפר סבא,המיסדים,,6438-171-4,6438/171,33750.0,32.1758006467,34.909833038,2024
2024-03-28,2024-03-28,"קדומים 5, כפר סבא",קדומים 5,7603-96-1,קוטג' חד משפחתי,5.0,קרקע + ראשונה,120.03,5766000,,,1997.0,,,9181946566,1,760396,False,,כפר סבא,קדומים,,7603-96-1,7603/96,48037.99050237441,32.1824183858,34.9325834514,2024
2024-03-28,2024-03-28,"חוחית 4, כפר סבא",חוחית 4,7604-56-2,דירה בבית קומות,4.0,קרקע,88.0,3440000,,,1991.0,,2.0,9181723752,1,760456,False,61% ב 7.9 שנים,כפר סבא,חוחית,7.72,7604-56-2,7604/56,39090.90909090909,32.1838059067,34.9297037362,2024
2024-03-28,2024-03-28,"הגולן 6, כפר סבא",הגולן 6,6426-723-11,דירה בבית קומות,4.0,רביעית,98.86,2900000,,,1994.0,,7.0,9183799304,1,6426723,False,,כפר סבא,הגולן,,6426-723-11,6426/723,29334.41230022254,32.1752230513,34.9011611192,2024
2024-03-27,2024-03-27,"אנגל 28, כפר סבא",אנגל 28,7621-458-12,דירה בבית קומות,4.0,רביעית,104.73,3350000,,,2012.0,,6.0,9181965510,1,7621458,False,53% ב 7.5 שנים,כפר סבא,אנגל,7.07,7621-458-12,7621/458,31987.01422706006,32.1948171151,34.8939772391,2024
2024-03-27,2024-03-27,"השקמה 16, כפר סבא",השקמה 16,7602-187-6,דירה בבית קומות,3.0,שלישית,60.2,2935000,,,1970.0,2023.0,4.0,9181544894,1,7602187,False,233% ב 12.7 שנים,כפר סבא,השקמה,18.35,7602-187-6,7602/187,48754.15282392027,32.1795301218,34.9387873358,2024
2024-03-27,2024-03-27,"קדומים 2, כפר סבא",קדומים 2,7618-293-6,דירה בבית קומות,3.0,שניה,73.27,3200000,,,2001.0,,5.0,9181797012,1,7618293,False,52% ב 2.5 שנים,כפר סבא,קדומים,20.8,7618-293-6,7618/293,43674.08216186707,32.1820617379,34.9314910988,2024
2024-03-26,2024-03-26,"סוסנובסקי 6, כפר סבא",סוסנובסקי 6,7621-436-14,דירה בבית קומות,4.0,קרקע,89.3,3750000,,,2012.0,,6.0,9181460016,1,7621436,False,114% ב 13.3 שנים,כפר סבא,סוסנובסקי,8.57,7621-436-14,7621/436,41993.281075028,32.1948651687,34.892511317,2024
2024-03-26,2024-03-26,"עמק איילון 12, כפר סבא",עמק איילון 12,7618-194-6,דירה בבית קומות,5.0,ראשונה,116.3,3750000,,,2000.0,,5.0,9182408104,1,7618194,False,244% ב 16.6 שנים,כפר סבא,עמק אילון,14.7,7618-194-6,7618/194,32244.196044711956,32.178653054,34.9341429526,2024
2024-03-25,2024-03-25,"משה סנה 24, כפר סבא",משה סנה 24,6430-200-19,דירה בבית קומות,5.0,קרקע תחתונה+שלישית,143.59,242000,,,2000.0,,,9182409288,1,6430200,False,,כפר סבא,סנה משה,,6430-200-19,6430/200,1685.3541332961904,32.1870529347,34.8974717382,2024
2024-03-25,2024-03-25,"אמבר 20, כפר סבא",אמבר 20,6426-507-10,דירה בבית קומות,3.0,שלישית,80.0,2650000,,,1960.0,2024.0,2.0,9181366554,1,6426507,False,,כפר סבא,אימבר,,6426-507-10,6426/507,33125.0,32.1724600047,34.90369107,2024
2024-03-25,2024-03-25,"אברהם קרן 14, כפר סבא",אברהם קרן 14,6439-411-22,דירה בבית קומות,4.0,רביעית,102.73,2685000,,,1978.0,,8.0,9181504564,1,6439411,False,36% ב 4.4 שנים,כפר סבא,קרן אברהם,8.18,6439-411-22,6439/411,26136.47425289594,32.1711035334,34.9121215196,2024
2024-03-21,2024-03-21,"נלקין 10, כפר סבא",נלקין 10,7621-560-37,דירה בבית קומות,5.0,קומה ‎10‏,129.85,4615000,,,2016.0,,14.0,9181750540,1,7621560,False,,כפר סבא,נלקין,,7621-560-37,7621/560,35541.00885637274,32.1965952142,34.8959146208,2024
2024-03-21,2024-03-21,"הרדוף 5, כפר סבא",הרדוף 5,6435-129-10,דירה בבית קומות,4.0,שלישית,91.48,3050000,,,2000.0,,5.0,9182237756,1,6435129,False,99% ב 13.9 שנים,כפר סבא,הרדוף,7.12,6435-129-10,6435/129,33340.62090074333,32.1738200597,34.917934443,2024
2024-03-21,2024-03-21,"חטיבת אלכסנדרוני 1, כפר סבא",חטיבת אלכסנדרוני 1,7603-88-4,דירה בבית קומות,4.0,ראשונה,77.5,2280000,,,1986.0,,4.0,9181530242,1,760388,False,25% ב 2.3 שנים,כפר סבא,חטיבת אלכסנדרוני,10.87,7603-88-4,7603/88,29419.35483870968,32.1832229775,34.9322207849,2024
2024-03-21,2024-03-21,"אמבר 20, כפר סבא",אמבר 20,6426-507-7,דירה בבית קומות,2.0,ב,47.0,2680000,,,1960.0,2024.0,2.0,9181262806,1,6426507,False,72% ב 4.3 שנים,כפר סבא,אימבר,16.74,6426-507-7,6426/507,57021.27659574468,32.1724600047,34.90369107,2024
2024-03-21,2024-03-21,"אמבר 20, כפר סבא",אמבר 20,6426-507-11,דירה בבית קומות,3.0,שישית,80.0,2750000,,,1960.0,2024.0,2.0,9181263990,1,6426507,False,,כפר סבא,אימבר,,6426-507-11,6426/507,34375.0,32.1724600047,34.90369107,2024
2024-03-21,2024-03-21,"הגליל 11, כפר סבא",הגליל 11,6436-219-7,דירה בבית קומות,4.0,רביעית+ חמישית,122.0,4750000,,,2002.0,,5.0,9183304392,1,6436219,False,58% ב 3 שנים,כפר סבא,הגליל,19.33,6436-219-7,6436/219,38934.42622950819,32.1747521444,34.9169485191,2024
2024-03-20,2024-03-20,"שיינפיין 15, כפר סבא",שיינפיין 15,7621-477-55,דירה בבית קומות,6.0,שניה,140.0,4170000,,,2017.0,,7.0,9181397190,1,7621477,False,,כפר סבא,שיינפיין,,7621-477-55,7621/477,29785.714285714286,32.1960002894,34.8907312715,2024
2024-03-20,2024-03-20,"עמק איילון 5, כפר סבא",עמק איילון 5,7618-187-22,דירה בבית קומות,5.0,רביעית+חמישית,130.0,3300000,,,1998.0,,4.0,9181401408,1,7618187,False,,כפר סבא,עמק אילון,,7618-187-22,7618/187,25384.615384615383,32.1793953271,34.9335515441,2024
2024-03-19,2024-03-19,,,6441-405-11,דירה בבית קומות,5.0,תשיעית,125.0,4000000,,,2021.0,,,9182548482,2,6441405,False,,כפר סבא,ירושלים,,6441-405-11,6441/405,32000.0,32.1753898952,34.9064646748,2024
2024-03-18,2024-03-18,,,6441-405-3,,5.0,תשיעית,125.0,4000000,1.0,,,,,11181278181,2,6441405,False,,כפר סבא,ירושלים,,6441-405-3,6441/405,32000.0,32.1753898952,34.9064646748,2024
2024-03-17,2024-03-17,"רוטשילד 65, כפר סבא",רוטשילד 65,6440-169-6,דירה בבית קומות,4.5,שניה,104.46,2600000,,,1981.0,,7.0,9180933654,1,6440169,False,,כפר סבא,רוטשילד,,6440-169-6,6440/169,24889.91001340226,32.1768035522,34.9085987467,2024
2024-03-14,2024-03-14,"חניתה 15, כפר סבא",חניתה 15,6428-561-34,דירה בבית קומות,5.0,רביעית,122.0,3685000,,,1996.0,,6.0,9182608274,1,6428561,False,,כפר סבא,חניתה,,6428-561-34,6428/561,30204.918032786885,32.1800989553,34.9057820543,2024
2024-03-13,2024-03-13,"הגליל 43, כפר סבא",הגליל 43,6433-668-84,דירה בבית קומות,4.0,חמישית,97.9,2512000,,,1983.0,,8.0,9180904942,1,6433668,False,,כפר סבא,הגליל,,6433-668-84,6433/668,25658.835546475995,32.1785861703,34.9180027916,2024
2024-03-13,2024-03-13,"אז""ר 125, כפר סבא","אז""ר 125",6434-286-2,קוטג' דו משפחתי,5.0,ראשונה,288.0,6050000,,,2000.0,,1.0,9180786024,1,6434286,False,,כפר סבא,"אז""ר",,6434-286-2,6434/286,21006.944444444445,32.1813620107,34.9216634809,2024
2024-03-13,2024-03-13,"אגרון 10, כפר סבא",אגרון 10,6426-187-18,דירה בבית קומות,4.0,חמישית,113.46,2825000,,,1980.0,,6.0,9181030224,1,6426187,False,43% ב 6.4 שנים,כפר סבא,אגרון,6.72,6426-187-18,6426/187,24898.642693460253,32.1766468682,34.8978357069,2024
2024-03-13,2024-03-13,"חוחית 7, כפר סבא",חוחית 7,7604-57-24,דירה בבית קומות,5.0,שניה+שלישית,117.0,2870000,,,1991.0,,2.0,9181732780,1,760457,False,55% ב 6.5 שנים,כפר סבא,חוחית,8.46,7604-57-24,7604/57,24529.91452991453,32.183860672,34.9303733185,2024
2024-03-07,2024-07-03,"הגליל 7, כפר סבא",הגליל 7,6436-78-10,דירה בבית קומות,4.0,רביעית,87.61,2180000,,,1970.0,,5.0,9187853690,1,643678,False,,כפר סבא,הגליל,,6436-78-10,6436/78,24883.004223262185,32.1744287027,34.9168342805,2024
2024-03-07,2024-07-03,"הרעות 7, כפר סבא",הרעות 7,6435-299-15,דירה בבית קומות,3.0,קומה ‎3‏,83.92,2762000,,,2015.0,,8.0,9188078354,1,6435299,False,286% ב 11.2 שנים,כפר סבא,הרעות,25.54,6435-299-15,6435/299,32912.29742612012,32.1683299482,34.9218453504,2024
2024-03-06,2024-06-03,"גיל 7, כפר סבא",גיל 7,6427-671-100,דירה בבית קומות,4.0,שניה,104.4,3240000,,,2007.0,,15.0,9186406250,1,6427671,False,203% ב 18.4 שנים,כפר סבא,גיל,11.03,6427-671-100,6427/671,31034.48275862069,32.1763628154,34.8912225112,2024
2024-03-05,2024-05-03,"השקמה 2, כפר סבא",השקמה 2,7602-185-20,דירה בבית קומות,3.0,שניה,60.2,2150000,,,2021.0,,4.0,9184183956,1,7602185,False,,כפר סבא,השקמה,,7602-185-20,7602/185,35714.28571428571,32.1800083414,34.9399137238,2024
2024-03-04,2024-04-03,"נלקין 10, כפר סבא",נלקין 10,7621-560-14,דירה בבית קומות,5.0,קומה ‎4‏,139.65,4385000,,,2016.0,,14.0,9182611382,1,7621560,False,12% ב 2.2 שנים,כפר סבא,נלקין,5.45,7621-560-14,7621/560,31399.928392409594,32.1965952142,34.8959146208,2024
2024-03-03,2024-03-03,"גאולה 30, כפר סבא",גאולה 30,6426-668-1,דירה בבית קומות,5.0,ראשונה,122.37,3070000,,,1986.0,,6.0,9180259662,1,6426668,False,66% ב 9.1 שנים,כפר סבא,גאולה,7.25,6426-668-1,6426/668,25087.848328838765,32.1733205873,34.8990029527,2024
2024-03-03,2024-03-03,"המעפילים 11, כפר סבא",המעפילים 11,6428-368-13,דירה בבית קומות,3.0,חמישית,68.25,2500000,,,1970.0,,6.0,9180356824,1,6428368,False,,כפר סבא,המעפילים,,6428-368-13,6428/368,36630.03663003663,32.1796942165,34.89966939,2024
2024-03-03,2024-03-03,,,6441-405-12,דירה בבית קומות,3.0,חמישית,84.0,2940000,,,2021.0,,,9181882408,2,6441405,False,,כפר סבא,ירושלים,,6441-405-12,6441/405,35000.0,32.1753898952,34.9064646748,2024
2024-03-02,2024-02-03,,,6438-171-3,,4.0,רביעית,106.0,3180000,1.0,,,,,11181278117,2,6438171,False,,כפר סבא,המיסדים,,6438-171-3,6438/171,30000.0,32.1758006467,34.909833038,2024
2024-03-01,2024-01-03,"עמק חורון 9, כפר סבא",עמק חורון 9,7618-78-32,דירת גן,4.0,קרקע,88.0,3469000,,,2006.0,,3.0,9178716392,1,761878,False,92% ב 12 שנים,כפר סבא,עמק חורון,7.67,7618-78-32,7618/78,39420.454545454544,32.1785421076,34.9326850989,2024
2024-03-01,2024-01-03,"תל חי 71, כפר סבא",תל חי 71,6433-722-10,דירה בבית קומות,4.0,קומה ‎2‏,116.88,3230000,,,2009.0,,5.0,9176394494,1,6433722,False,95% ב 13.5 שנים,כפר סבא,תל חי,7.04,6433-722-10,6433/722,27635.18138261465,32.178113212,34.9149276921,2024
2024-03-01,2024-01-03,"השקמה 16, כפר סבא",השקמה 16,7602-187-5,דירה בבית קומות,3.0,שלישית,60.2,1977000,,,1970.0,2023.0,4.0,9176599622,1,7602187,False,64% ב 2.6 שנים,כפר סבא,השקמה,24.62,7602-187-5,7602/187,32840.531561461794,32.1795301218,34.9387873358,2024
2024-03-01,2024-01-03,"דינור 4, כפר סבא",דינור 4,6432-77-29,דירה בבית קומות,3.0,ראשונה,78.59,2500000,,,1994.0,,4.0,9176174122,1,643277,False,,כפר סבא,דינור,,6432-77-29,6432/77,31810.662934215547,32.1841416503,34.9116222217,2024
2024-02-29,2024-02-29,"העמק 16, כפר סבא",העמק 16,6437-165-20,דירה בבית קומות,4.0,שניה,95.42,2800000,,,2006.0,,5.0,9180333514,1,6437165,False,,כפר סבא,העמק,,6437-165-20,6437/165,29343.95304967512,32.172467533,34.9154805683,2024
2024-02-29,2024-02-29,"העמק 10, כפר סבא",העמק 10,6437-23-6,דירה בבית קומות,3.5,שניה,73.5,2255000,,,1970.0,,5.0,9180129126,1,643723,False,,כפר סבא,העמק,,6437-23-6,6437/23,30680.27210884354,32.1717231059,34.9152249915,2024
2024-02-28,2024-02-28,"סוקולוב 3, כפר סבא",סוקולוב 3,6426-627-32,דירה בבית קומות,4.0,שלישית,96.0,3200000,,,2024.0,,9.0,9181342060,1,6426627,False,,כפר סבא,סוקולוב,,6426-627-32,6426/627,33333.333333333336,32.1761110556,34.9030483066,2024
2024-02-28,2024-02-28,"תור 4, כפר סבא",תור 4,9088-4-24,דירה בבית קומות,4.0,רביעית+קרקע,92.8,2850000,,,2008.0,,5.0,9180856176,1,90884,False,,כפר סבא,תור,,9088-4-24,9088/4,30711.206896551725,32.1875172855,34.9261003825,2024
2024-02-27,2024-02-27,"אהוד מנור 17, כפר סבא",אהוד מנור 17,6430-251-36,דירה בבית קומות,4.0,רביעית,106.07,3310000,,,2009.0,,8.0,9179900762,1,6430251,False,6% ב 2.1 שנים,כפר סבא,מנור אהוד,2.86,6430-251-36,6430/251,31205.807485622703,32.1876028305,34.8949352677,2024
2024-02-27,2024-02-27,"התותחנים 2, כפר סבא",התותחנים 2,6435-188-33,דירה בבית קומות,4.0,שניה,71.87,2250000,,,1992.0,,7.0,9180060158,1,6435188,False,,כפר סבא,התותחנים,,6435-188-33,6435/188,31306.52567135105,32.1741398853,34.9200094512,2024
2024-02-26,2024-02-26,"הכנסת 3, כפר סבא",הכנסת 3,6428-327-5,,5.0,שישית,135.0,3330000,1.0,,1980.0,,,11181278005,1,6428327,False,,כפר סבא,הכנסת,,6428-327-5,6428/327,24666.666666666668,32.1805941037,34.9059942706,2024
2024-02-26,2024-02-26,"גלבוע 6, כפר סבא",גלבוע 6,6439-112-6,דירה בבית קומות,4.0,שלישית,95.47,2655000,,,1980.0,,5.0,9179928734,1,6439112,False,,כפר סבא,גלבוע,,6439-112-6,6439/112,27809.783177961664,32.1724184177,34.9114924,2024
2024-02-26,2024-02-26,"הבנים 4, כפר סבא",הבנים 4,6439-201-23,דירה בבית קומות,5.0,קומה ‎6‏,116.0,4600000,,,2019.0,,6.0,9179767118,1,6439201,False,65% ב 4.4 שנים,כפר סבא,הבנים,14.77,6439-201-23,6439/201,39655.1724137931,32.1733438905,34.9132254503,2024
2024-02-26,2024-02-26,"ויינברג 4, כפר סבא",ויינברג 4,7621-580-57,דירה בבית קומות,7.0,"קומה ‎8‏, קומה ‎9‏",226.2,7050000,,,2010.0,,8.0,9181460608,1,7621580,False,,כפר סבא,ויינברג,,7621-580-57,7621/580,31167.10875331565,32.1956239125,34.8928647013,2024
2024-02-25,2024-02-25,"ביל""ו 8, כפר סבא","ביל""ו 8",6441-332-2,דירה בבית קומות,6.0,ראשונה+שניה,129.14,4740000,,,1998.0,,7.0,9179681500,1,6441332,False,68% ב 3.4 שנים,כפר סבא,"ביל""ו",20.0,6441-332-2,6441/332,36704.35186619173,32.1735497773,34.9061359862,2024
2024-02-25,2024-02-25,"חורגין 4, כפר סבא",חורגין 4,6431-152-1,קוטג' דו משפחתי,4.0,ראשונה,111.0,5602000,,,1950.0,,1.0,9179628368,1,6431152,False,,כפר סבא,חורגין,,6431-152-1,6431/152,50468.46846846847,32.1818223898,34.9097442164,2024
2024-02-22,2024-02-22,"עוזי נרקיס 1, כפר סבא",עוזי נרקיס 1,6433-726-38,דירה בבית קומות,4.0,קומה ‎7‏,102.0,3280000,,,2010.0,,15.0,9179509968,1,6433726,False,,כפר סבא,נרקיס עוזי,,6433-726-38,6433/726,32156.86274509804,32.1777722614,34.9140313585,2024
2024-02-21,2024-02-21,"בקעת הירח 4, כפר סבא",בקעת הירח 4,7606-125-10,דירה בבית קומות,4.0,שלישית,109.84,4140000,,,2004.0,,4.0,9179572202,1,7606125,False,252% ב 21.3 שנים,כפר סבא,בקעת הירח,11.83,7606-125-10,7606/125,37691.1871813547,32.1797136055,34.929759445,2024
2024-02-21,2024-02-21,"רופין 36, כפר סבא",רופין 36,6435-280-60,דירה בבית קומות,5.0,שתים עשרה,117.0,3560000,,,2026.0,,17.0,9180497794,1,6435280,False,,כפר סבא,רופין,,6435-280-60,6435/280,30427.350427350422,32.1694676515,34.919622311,2024
2024-02-21,2024-02-21,"הגר""א 4, כפר סבא","הגר""א 4",6426-170-6,דירה בבית קומות,3.0,שניה,67.0,2910000,,,2027.0,,3.0,9180862318,1,6426170,False,,כפר סבא,"הגר""א",,6426-170-6,6426/170,43432.835820895525,32.1724473741,34.9063186583,2024
2024-02-20,2024-02-20,"הכרמל 38, כפר סבא",הכרמל 38,6440-213-15,חנות,,קרקע,28.32,660000,,,1990.0,,7.0,9180181592,1,6440213,False,,כפר סבא,הכרמל,,6440-213-15,6440/213,23305.084745762717,32.1778375674,34.9089422057,2024
2024-02-20,2024-02-20,"רופין 36, כפר סבא",רופין 36,6435-280-25,,5.0,שתים עשרה,117.0,3560000,1.0,,,,17.0,11181278050,1,6435280,False,,כפר סבא,רופין,,6435-280-25,6435/280,30427.350427350422,32.1694676515,34.919622311,2024
2024-02-19,2024-02-19,"האהבה 16, כפר סבא",האהבה 16,6435-243-6,,4.0,קרקע תחתונה+ראשונה,99.0,2920000,,,1999.0,,1.0,9179125390,1,6435243,False,65% ב 8.6 שנים,כפר סבא,האהבה,7.56,6435-243-6,6435/243,29494.94949494949,32.1695201905,34.9222129119,2024
2024-02-19,2024-02-19,"רחל המשוררת 9, כפר סבא",רחל המשוררת 9,6433-31-10,דירה בבית קומות,3.0,ב,53.61,2028000,,,1960.0,,2.0,9180146738,1,643331,False,76% ב 10.1 שנים,כפר סבא,רחל המשוררת,7.52,6433-31-10,6433/31,37828.76329043089,32.1790961861,34.9102467332,2024
2024-02-19,2024-02-19,"אמבר 14, כפר סבא",אמבר 14,6426-664-5,דירה בבית קומות,4.0,שניה,78.34,2400000,,,1970.0,,6.0,9179265768,1,6426664,False,,כפר סבא,אימבר,,6426-664-5,6426/664,30635.690579525144,32.1725141838,34.9029201556,2024
2024-02-19,2024-02-19,"נחשון 7, כפר סבא",נחשון 7,6441-248-12,דירה בבית קומות,3.0,שלישית,73.74,2400000,,,1975.0,,5.0,9179262660,1,6441248,False,193% ב 17 שנים,כפר סבא,נחשון,11.35,6441-248-12,6441/248,32546.78600488202,32.174910549,34.9062036446,2024
2024-02-19,2024-02-19,"שיינפיין 12, כפר סבא",שיינפיין 12,7621-473-34,דירה בבית קומות,5.0,קומה ‎6‏,112.9,3975000,,,2014.0,,10.0,9179879968,1,7621473,False,,כפר סבא,שיינפיין,,7621-473-34,7621/473,35208.14880425155,32.1957220339,34.8916977696,2024
2024-02-18,2024-02-18,"אמבר 17, כפר סבא",אמבר 17,6426-465-5,דירה בבית קומות,3.0,א,78.8,2550000,,,1960.0,2025.0,2.0,9180475816,1,6426465,False,,כפר סבא,אימבר,,6426-465-5,6426/465,32360.40609137056,32.1728434679,34.9036780714,2024
2024-02-18,2024-02-18,"מבצע יונתן 6, כפר סבא",מבצע יונתן 6,6433-669-15,דירה בבית קומות,3.0,רביעית,45.05,1748000,,,1970.0,,4.0,9179778514,1,6433669,False,,כפר סבא,מבצע יונתן,,6433-669-15,6433/669,38801.331853496114,32.1787522413,34.9171636267,2024
2024-02-15,2024-02-15,"אנגל 7, כפר סבא",אנגל 7,7621-446-46,דירה בבית קומות,5.0,חמישית,183.0,242000,,,2014.0,,8.0,9180374436,1,7621446,False,,כפר סבא,אנגל,,7621-446-46,7621/446,1322.4043715846994,32.1937756653,34.8923651091,2024
2024-02-15,2024-02-15,"השקמה 16, כפר סבא",השקמה 16,7602-187-1,דירה בבית קומות,3.0,ראשונה,60.2,897000,,,1970.0,,4.0,9180338546,1,7602187,False,,כפר סבא,השקמה,,7602-187-1,7602/187,14900.33222591362,32.1795301218,34.9387873358,2024
2024-02-14,2024-02-14,"רוטשילד 5, כפר סבא",רוטשילד 5,6426-137-9,דירה בבית קומות,4.0,ב,107.0,2100000,,,1960.0,,3.0,9179077734,1,6426137,False,133% ב 13.2 שנים,כפר סבא,רוטשילד,10.08,6426-137-9,6426/137,19626.168224299065,32.1706465266,34.9067521717,2024
2024-02-14,2024-02-14,"הגליל 47, כפר סבא",הגליל 47,6433-601-8,דירה בבית קומות,4.0,שניה,99.0,2350000,,,1983.0,,8.0,9178798754,1,6433601,False,157% ב 18.3 שנים,כפר סבא,הגליל,8.58,6433-601-8,6433/601,23737.37373737374,32.1793646735,34.9182798624,2024
2024-02-14,2024-02-14,"תל חי 2, כפר סבא",תל חי 2,6439-440-44,דירה בבית קומות,2.0,רביעית,26.0,1157000,,,1990.0,,4.0,9179314682,1,6439440,False,,כפר סבא,תל חי,,6439-440-44,6439/440,44500.0,32.1697521866,34.9129051928,2024
2024-02-07,2024-07-02,"רופין 36, כפר סבא",רופין 36,6435-280-53,דירה בבית קומות,4.0,שלוש עשרה,108.0,3500000,,,2026.0,,17.0,9188787200,1,6435280,False,,כפר סבא,רופין,,6435-280-53,6435/280,32407.40740740741,32.1694676515,34.919622311,2024
2024-02-07,2024-07-02,"בקעת באר שבע 12, כפר סבא",בקעת באר שבע 12,7606-116-3,דירה בבית קומות,4.0,ראשונה,88.6,2450000,,,2000.0,,6.0,9188212664,1,7606116,False,122% ב 13.5 שנים,כפר סבא,בקעת באר שבע,9.04,7606-116-3,7606/116,27652.370203160277,32.1819498535,34.9304949059,2024
2024-02-07,2024-07-02,"התותחנים 6, כפר סבא",התותחנים 6,6435-190-24,דירה בבית קומות,5.0,רביעית,117.75,2850000,,,1993.0,,6.0,9187720046,1,6435190,False,191% ב 20.5 שנים,כפר סבא,התותחנים,9.32,6435-190-24,6435/190,24203.821656050957,32.1739423985,34.9208841807,2024
2024-02-06,2024-06-02,"המעפילים 4, כפר סבא",המעפילים 4,6428-348-33,דירה בבית קומות,4.0,שישית,100.0,3923000,,,1965.0,2027.0,3.0,9186186396,1,6428348,False,,כפר סבא,המעפילים,,6428-348-33,6428/348,39230.0,32.1780282192,34.8997049173,2024
2024-02-06,2024-06-02,"שיינפיין 32, כפר סבא",שיינפיין 32,7621-474-123,דירה בבית קומות,5.0,שניה,142.15,4220000,,,2010.0,,10.0,9186023300,1,7621474,False,118% ב 12 שנים,כפר סבא,שיינפיין,9.83,7621-474-123,7621/474,29686.950404502284,32.1971360908,34.8918797681,2024
2024-02-04,2024-04-02,"העמק 9, כפר סבא",העמק 9,6437-74-1,דירה בבית קומות,3.0,קומה ‎1‏,93.0,2432000,,,1970.0,,7.0,9182313458,1,643774,False,99% ב 9.6 שנים,כפר סבא,העמק,10.31,6437-74-1,6437/74,26150.537634408603,32.1720795391,34.9146939225,2024
2024-02-04,2024-04-02,"קדושי קהיר 14, כפר סבא",קדושי קהיר 14,6430-191-29,דירה בבית קומות,4.0,קרקע+ראשונה,100.09,3700000,,,2001.0,,4.0,9182443402,1,6430191,False,100% ב 11.4 שנים,כפר סבא,קדושי קהיר,8.77,6430-191-29,6430/191,36966.72994305125,32.1869685222,34.8989201087,2024
2024-02-04,2024-04-02,"חטיבת אלכסנדרוני 6, כפר סבא",חטיבת אלכסנדרוני 6,7603-87-3,דירה בבית קומות,4.0,ראשונה,77.4,2045000,,,1988.0,,4.0,9182924032,1,760387,False,48% ב 11 שנים,כפר סבא,חטיבת אלכסנדרוני,4.36,7603-87-3,7603/87,26421.188630490957,32.1826254484,34.9320135749,2024
2024-02-04,2024-04-02,"רופין 36, כפר סבא",רופין 36,6435-280-58,דירה בבית קומות,3.0,עשירית,80.0,2700000,,,2026.0,,17.0,9183193170,1,6435280,False,,כפר סבא,רופין,,6435-280-58,6435/280,33750.0,32.1694676515,34.919622311,2024
2024-02-01,2024-01-02,"השופטים 8, כפר סבא",השופטים 8,7322-6-2,דירה בבית קומות,3.0,קרקע,77.6,4200000,,,1950.0,,,9176508158,1,73226,False,,כפר סבא,השופטים,,7322-6-2,7322/6,54123.71134020619,32.1846373815,34.9395708193,2024
2024-01-31,2024-01-31,"עמק זבולון 2, כפר סבא",עמק זבולון 2,7618-205-10,דירה בבית קומות,4.0,שלישית,78.67,2420000,,,1998.0,,4.0,9178257814,1,7618205,False,29% ב 3 שנים,כפר סבא,עמק זבולון,9.67,7618-205-10,7618/205,30761.408414897676,32.1814997264,34.9317080941,2024
2024-01-31,2024-01-31,"זאב גולד 13, כפר סבא",זאב גולד 13,6433-744-4,דירה בבית קומות,4.0,שניה,104.4,2830000,,,2008.0,,5.0,9178427052,1,6433744,False,227% ב 15.9 שנים,כפר סבא,גולד זאב,14.28,6433-744-4,6433/744,27107.279693486587,32.1803697416,34.9146907787,2024
2024-01-31,2024-01-31,"רופין 36, כפר סבא",רופין 36,6435-280-46,,3.0,רביעית,80.0,2610000,1.0,,,,17.0,11181278073,1,6435280,False,,כפר סבא,רופין,,6435-280-46,6435/280,32625.0,32.1694676515,34.919622311,2024
2024-01-31,2024-01-31,"ברנר 14, כפר סבא",ברנר 14,6428-421-9,ללא תיכנון,3.0,שלישית,56.0,416000,,,1960.0,,4.0,9179652788,1,6428421,True,-36% ב 21.9 שנים,כפר סבא,ברנר,-1.64,6428-421-9,6428/421,7428.571428571428,32.1786034141,34.9007748153,2024
2024-01-31,2024-01-31,"ויצמן 115, כפר סבא",ויצמן 115,6438-346-4,חנות,,ראשונה,,330000,,,1970.0,,3.0,9178626556,1,6438346,False,,כפר סבא,ויצמן,,6438-346-4,6438/346,,32.1753694662,34.9097305117,2024
2024-01-31,2024-01-31,"דינור 52, כפר סבא",דינור 52,6432-115-13,דירה בבית קומות,5.0,שלישית,120.0,3800000,,,1993.0,,2.0,9179093126,1,6432115,False,,כפר סבא,דינור,,6432-115-13,6432/115,31666.666666666668,32.182327968,34.9190764294,2024
2024-01-30,2024-01-30,"גולומב 34, כפר סבא",גולומב 34,6428-422-1,דירה בבית קומות,3.0,ראשונה,49.0,2275000,,,1976.0,2023.0,4.0,9177911124,1,6428422,False,,כפר סבא,גולומב,,6428-422-1,6428/422,46428.57142857143,32.1785255604,34.901055413,2024
2024-01-30,2024-01-30,"הרעות 7, כפר סבא",הרעות 7,6435-299-48,דירה בבית קומות,3.0,קומה ‎4‏,83.92,2450000,,,2015.0,,8.0,9177939688,1,6435299,False,,כפר סבא,הרעות,,6435-299-48,6435/299,29194.47092469018,32.1683299482,34.9218453504,2024
2024-01-30,2024-01-30,,,7594-88-1,ללא תיכנון,,קרקע,107.5,1450000,,,,,,9179002698,2,759488,False,,כפר סבא,ירמיהו,,7594-88-1,7594/88,13488.372093023256,32.1863371074,34.9377342581,2024
2024-01-29,2024-01-29,"חצרות הדר 2, כפר סבא",חצרות הדר 2,6428-108-1,דירה בבית קומות,2.0,קרקע,37.1,2000000,,,1948.0,,1.0,9179997184,1,6428108,False,,כפר סבא,חצרות הדר,,6428-108-1,6428/108,53908.35579514824,32.1802751415,34.9033819824,2024
2024-01-29,2024-01-29,"המפלס 6, כפר סבא",המפלס 6,6433-547-51,דירה בבית קומות,4.0,חמישית,71.96,2100000,,,1970.0,,8.0,9177806710,1,6433547,False,,כפר סבא,המפלס,,6433-547-51,6433/547,29182.87937743191,32.1776385274,34.9156852699,2024
2024-01-28,2024-01-28,"נחשון 6, כפר סבא",נחשון 6,6441-385-3,דירה בבית קומות,5.0,ראשונה,123.15,3680000,,,2011.0,,10.0,9178220592,1,6441385,False,54% ב 8.5 שנים,כפר סבא,נחשון,6.35,6441-385-3,6441/385,29882.25740966301,32.1748489554,34.9047776469,2024
2024-01-28,2024-01-28,"רוטשילד 10, כפר סבא",רוטשילד 10,6426-128-9,דירה בבית קומות,5.0,חמישית,99.56,4200000,,,1970.0,,5.0,9177755428,1,6426128,False,115% ב 5.1 שנים,כפר סבא,רוטשילד,22.55,6426-128-9,6426/128,42185.61671353957,32.1713200991,34.9076256841,2024
2024-01-26,2024-01-26,"ביאליק 22, כפר סבא",ביאליק 22,6426-905-2,דירה בבית קומות,4.0,ראשונה,91.0,2725000,,,1995.0,,4.0,9177904982,1,6426905,False,,כפר סבא,ביאליק,,6426-905-2,6426/905,29945.054945054944,32.1716188723,34.9088025678,2024
2024-01-25,2024-01-25,"המייסדים 18, כפר סבא",המייסדים 18,6438-192-5,דירה בבית קומות,5.0,שניה,109.2,2700000,,,1980.0,,5.0,9177481850,1,6438192,False,,כפר סבא,המיסדים,,6438-192-5,6438/192,24725.274725274725,32.1760717513,34.9104879677,2024
2024-01-25,2024-01-25,"שיינפיין 13, כפר סבא",שיינפיין 13,7621-477-53,דירה בבית קומות,6.0,רביעית,139.0,4175000,,,2017.0,,7.0,9178121654,1,7621477,False,,כפר סבא,שיינפיין,,7621-477-53,7621/477,30035.97122302158,32.1960002894,34.8907312715,2024
2024-01-25,2024-01-25,"גולומב 22, כפר סבא",גולומב 22,6428-672-15,דירה בבית קומות,4.0,קרקע + שניה,92.74,2370000,,,1986.0,,2.0,9177766380,1,6428672,False,33% ב 7 שנים,כפר סבא,גולומב,4.71,6428-672-15,6428/672,25555.31593702825,32.1788092362,34.9001916107,2024
2024-01-25,2024-01-25,"רופין 36, כפר סבא",רופין 36,6435-280-67,דירה בבית קומות,4.0,שניה,99.0,2950000,,,2026.0,,17.0,9178542936,1,6435280,False,,כפר סבא,רופין,,6435-280-67,6435/280,29797.9797979798,32.1694676515,34.919622311,2024
2024-01-25,2024-01-25,"רופין 7, כפר סבא",רופין 7,6437-169-17,דירה בבית קומות,4.0,שניה,98.12,2510000,,,1999.0,,7.0,9177824988,1,6437169,False,46% ב 9 שנים,כפר סבא,רופין,5.11,6437-169-17,6437/169,25580.921320831632,32.1712088857,34.9142643354,2024
2024-01-25,2024-01-25,"בן-גוריון 59, כפר סבא",בן-גוריון 59,6439-227-28,דירה בבית קומות,4.0,שניה,99.03,2470000,,,1986.0,,8.0,9177954340,1,6439227,False,,כפר סבא,בן גוריון,,6439-227-28,6439/227,24941.936786832277,32.1716692372,34.9122969147,2024
2024-01-25,2024-01-25,"ההסתדרות 15, כפר סבא",ההסתדרות 15,6427-613-4,דירה בבית קומות,3.0,ראשונה,77.5,2260000,,,1999.0,,6.0,9178650458,1,6427613,False,29% ב 4.3 שנים,כפר סבא,ההסתדרות,6.74,6427-613-4,6427/613,29161.290322580644,32.1726896068,34.8944959547,2024
2024-01-24,2024-01-24,"רופין 36, כפר סבא",רופין 36,6435-280-31,,4.0,שניה,99.0,2950000,1.0,,,,17.0,11181278057,1,6435280,False,,כפר סבא,רופין,,6435-280-31,6435/280,29797.9797979798,32.1694676515,34.919622311,2024
2024-01-24,2024-01-24,"אמבר 20, כפר סבא",אמבר 20,6426-507-14,דירה בבית קומות,3.0,רביעית,77.0,2620000,,,1960.0,2024.0,2.0,9177371960,1,6426507,False,,כפר סבא,אימבר,,6426-507-14,6426/507,34025.97402597403,32.1724600047,34.90369107,2024
2024-01-23,2024-01-23,"שיינפיין 5, כפר סבא",שיינפיין 5,7621-477-52,דירה בבית קומות,6.0,שלישית,140.0,4170000,,,2017.0,,7.0,9177875678,1,7621477,False,,כפר סבא,שיינפיין,,7621-477-52,7621/477,29785.714285714286,32.1960002894,34.8907312715,2024
2024-01-23,2024-01-23,"הגנה 23, כפר סבא",הגנה 23,6427-689-1,קוטג' דו משפחתי,6.0,מרתף+קרקע+ראשונה,260.2,2682000,,,2012.0,,2.0,9177356124,1,6427689,False,,כפר סבא,הגנה,,6427-689-1,6427/689,10307.455803228286,32.1813978985,34.8905059391,2024
2024-01-23,2024-01-23,"ברנר 14, כפר סבא",ברנר 14,6428-421-3,דירה בבית קומות,3.0,שניה,77.0,2280000,,,1960.0,,4.0,9177936580,1,6428421,False,,כפר סבא,ברנר,,6428-421-3,6428/421,29610.38961038961,32.1786034141,34.9007748153,2024
2024-01-22,2024-01-22,"אהרונוביץ 10, כפר סבא",אהרונוביץ 10,6426-799-1,דירה בבית קומות,4.0,ראשונה,99.8,2830000,,,1988.0,,4.0,9177883522,1,6426799,False,52% ב 6.8 שנים,כפר סבא,אהרונוביץ,7.65,6426-799-1,6426/799,28356.71342685371,32.1718727343,34.9024141818,2024
2024-01-22,2024-01-22,"ויינברג 1, כפר סבא",ויינברג 1,7621-473-39,דירה בבית קומות,5.0,קומה ‎1‏,113.2,4750000,,,2014.0,,10.0,9177771412,1,7621473,False,106% ב 10.2 שנים,כפר סבא,ויינברג,10.39,7621-473-39,7621/473,41961.13074204947,32.1957220339,34.8916977696,2024
2024-01-22,2024-01-22,"המוביל 16, כפר סבא",המוביל 16,7618-292-16,דירה בבית קומות,3.0,שלישית,71.79,2370000,,,2001.0,,4.0,9177301142,1,7618292,False,30% ב 3.4 שנים,כפר סבא,המוביל,8.82,7618-292-16,7618/292,33012.95445048057,32.1796820387,34.9315736402,2024
2024-01-22,2024-01-22,"הרצפלד אברהם 4, כפר סבא",הרצפלד אברהם 4,6431-307-29,דירה בבית קומות,4.0,רביעית,78.25,2230000,,,1970.0,,4.0,9178290892,1,6431307,False,51% ב 5.9 שנים,כפר סבא,הרצפלד אברהם,8.64,6431-307-29,6431/307,28498.402555910543,32.1848893098,34.9037206711,2024
2024-01-22,2024-01-22,"רופין 36, כפר סבא",רופין 36,6435-280-68,דירה בבית קומות,3.0,שניה,80.0,2620000,,,2026.0,,17.0,9178332406,1,6435280,False,,כפר סבא,רופין,,6435-280-68,6435/280,32750.0,32.1694676515,34.919622311,2024
2024-01-21,2024-01-21,"דוד אלעזר 8, כפר סבא",דוד אלעזר 8,6440-192-18,דירה בבית קומות,3.5,שלישית,97.75,2845000,,,1987.0,,5.0,9177471564,1,6440192,False,49% ב 6.8 שנים,כפר סבא,אלעזר דוד,7.21,6440-192-18,6440/192,29104.859335038363,32.1783485562,34.9056312604,2024
2024-01-21,2024-01-21,"הכרמל 40, כפר סבא",הכרמל 40,6438-300-6,דירה בבית קומות,4.0,שניה,93.16,2435000,,,1970.0,,6.0,9177085062,1,6438300,False,55% ב 10.2 שנים,כפר סבא,הכרמל,5.39,6438-300-6,6438/300,26137.82739373121,32.1778162052,34.9096863958,2024
2024-01-18,2024-01-18,"המפלס 4, כפר סבא",המפלס 4,6433-547-6,דירה בבית קומות,3.5,שניה,72.29,1960000,,,1970.0,,8.0,9177346874,1,6433547,False,227% ב 21.6 שנים,כפר סבא,המפלס,10.51,6433-547-6,6433/547,27113.01701480149,32.1776385274,34.9156852699,2024
2024-01-18,2024-01-18,"האהבה 13, כפר סבא",האהבה 13,6435-256-9,דירה בבית קומות,3.5,שלישית,77.0,2800000,,,2000.0,,5.0,9176972138,1,6435256,False,81% ב 12.8 שנים,כפר סבא,האהבה,6.33,6435-256-9,6435/256,36363.63636363636,32.1701611606,34.9215956475,2024
2024-01-18,2024-01-18,"הלפיד 1, כפר סבא",הלפיד 1,6435-252-15,דירת גן,4.0,ראשונה,97.5,4000000,,,2000.0,,6.0,9177486660,1,6435252,False,,כפר סבא,הלפיד,,6435-252-15,6435/252,41025.64102564102,32.1705938341,34.9216450805,2024
2024-01-18,2024-01-18,"התע""ש 20, כפר סבא","התע""ש 20",7607-125-255,משרד,,רביעית,86.7,1015000,,,1999.0,,5.0,9177090686,1,7607125,False,1% ב 9.9 שנים,כפר סבא,"התע""ש",0.1,7607-125-255,7607/125,11707.035755478662,32.1759745495,34.9277395245,2024
2024-01-17,2024-01-17,"רופין 36, כפר סבא",רופין 36,6435-280-69,דירה בבית קומות,3.0,רביעית,80.0,2580000,,,2026.0,,17.0,9177563028,1,6435280,False,,כפר סבא,רופין,,6435-280-69,6435/280,32250.0,32.1694676515,34.919622311,2024
2024-01-17,2024-01-17,"הגר""א 4, כפר סבא","הגר""א 4",6426-170-8,דירה בבית קומות,3.0,שניה,67.0,2620000,,,2027.0,,3.0,9178635806,1,6426170,False,61% ב 7.5 שנים,כפר סבא,"הגר""א",8.13,6426-170-8,6426/170,39104.477611940296,32.1724473741,34.9063186583,2024
2024-01-17,2024-01-17,"הרצל 15, כפר סבא",הרצל 15,6439-487-13,דירה בבית קומות,4.0,רביעית,90.32,2942000,,,2008.0,,5.0,9177007584,1,6439487,False,96% ב 8 שנים,כפר סבא,הרצל,12.0,6439-487-13,6439/487,32573.073516386183,32.1709425723,34.9096452343,2024
2024-01-17,2024-01-17,"טרומפלדור 17, כפר סבא",טרומפלדור 17,6426-264-4,דירה בבית קומות,4.0,ראשונה,83.37,2450000,,,1970.0,,3.0,9177025862,1,6426264,False,226% ב 16.8 שנים,כפר סבא,טרומפלדור,13.45,6426-264-4,6426/264,29387.06968933669,32.1714388785,34.9055481262,2024
2024-01-17,2024-01-17,"המיסדים 24, כפר סבא",המיסדים 24,6438-201-6,דירה בבית קומות,3.0,ראשונה,99.01,2665000,,,1980.0,,5.0,9178250488,1,6438201,False,82% ב 11.5 שנים,כפר סבא,המיסדים,7.13,6438-201-6,6438/201,26916.473083526915,32.1762739856,34.9092478765,2024
2024-01-17,2024-01-17,"אוסטשינסקי 16, כפר סבא",אוסטשינסקי 16,6426-236-7,דירה בבית קומות,3.0,ב,62.9,3450000,,,2023.0,,3.0,9178766342,1,6426236,False,164% ב 8.9 שנים,כפר סבא,אוסטשינסקי,18.43,6426-236-7,6426/236,54848.9666136725,32.172070312,34.9046966658,2024
2024-01-17,2024-01-17,"שיינפיין 8, כפר סבא",שיינפיין 8,7621-582-33,דירה בבית קומות,4.0,קומה ‎5‏,97.9,3450000,,,2017.0,,7.0,9178253004,1,7621582,False,,כפר סבא,שיינפיין,,7621-582-33,7621/582,35240.04085801839,32.1950464303,34.8913458744,2024
2024-01-17,2024-01-17,"שלמה המלך 2, כפר סבא",שלמה המלך 2,7602-142-13,דירה בבית קומות,2.5,ב',36.3,1650000,,,1960.0,,3.0,9177373810,1,7602142,False,37% ב 6.4 שנים,כפר סבא,שלמה המלך,5.78,7602-142-13,7602/142,45454.545454545456,32.1816899735,34.9409634172,2024
2024-01-16,2024-01-16,"רופין 36, כפר סבא",רופין 36,6435-280-19,,3.0,רביעית,80.0,2580000,1.0,,,,17.0,11181278043,1,6435280,False,,כפר סבא,רופין,,6435-280-19,6435/280,32250.0,32.1694676515,34.919622311,2024
2024-01-16,2024-01-16,"אוסטשינסקי 16, כפר סבא",אוסטשינסקי 16,6426-236-9,דירה בבית קומות,3.0,ג,63.3,3495000,,,2023.0,,3.0,9178393382,1,6426236,False,51% ב 1.4 שנים,כפר סבא,אוסטשינסקי,36.43,6426-236-9,6426/236,55213.270142180096,32.172070312,34.9046966658,2024
2024-01-14,2024-01-14,"אמבר 20, כפר סבא",אמבר 20,6426-507-15,דירה בבית קומות,4.0,שישית,85.0,2900000,,,1960.0,2024.0,2.0,9176653420,1,6426507,False,,כפר סבא,אימבר,,6426-507-15,6426/507,34117.64705882353,32.1724600047,34.90369107,2024
2024-01-08,2024-08-01,"אביבים 14, כפר סבא",אביבים 14,6433-618-12,דירה בבית קומות,4.0,שלישית,100.7,2575000,,,1986.0,,6.0,9191014304,1,6433618,False,90% ב 14.5 שנים,כפר סבא,אביבים,6.21,6433-618-12,6433/618,25571.00297914598,32.179542378,34.910302392,2024
2024-01-08,2024-08-01,"העמק 3, כפר סבא",העמק 3,6437-78-18,דירה בבית קומות,3.0,ראשונה,65.6,2200000,,,1970.0,,4.0,9189781020,1,643778,False,35% ב 7.4 שנים,כפר סבא,העמק,4.73,6437-78-18,6437/78,33536.58536585366,32.1714388627,34.9143145202,2024
2024-01-08,2024-08-01,"המפלס 10, כפר סבא",המפלס 10,6433-548-29,דירה בבית קומות,3.0,שמינית,62.78,1900000,,,1970.0,,8.0,9189623548,1,6433548,False,,כפר סבא,המפלס,,6433-548-29,6433/548,30264.415418923225,32.1775000503,34.9163727512,2024
2024-01-07,2024-07-01,"נעמי שמר 2, כפר סבא",נעמי שמר 2,6429-276-11,דירה בבית קומות,4.0,שלישית,114.1,3400000,,,2014.0,,9.0,9188207262,1,6429276,False,44% ב 3.3 שנים,כפר סבא,שמר נעמי,13.33,6429-276-11,6429/276,29798.42243645925,32.187987067,34.8913369821,2024
2024-01-07,2024-07-01,"פאבל פרנקל 20, כפר סבא",פאבל פרנקל 20,6427-682-11,דירה בבית קומות,5.0,ראשונה,111.4,4050000,,,2015.0,,4.0,9187819576,1,6427682,False,80% ב 8.6 שנים,כפר סבא,פרנקל פאבל,9.3,6427-682-11,6427/682,36355.47576301616,32.1821015694,34.8907022896,2024
2024-01-07,2024-07-01,"העמק 44, כפר סבא",העמק 44,6436-93-8,דירה בבית קומות,4.0,רביעית,101.0,2650000,,,1980.0,,8.0,9187879960,1,643693,False,53% ב 5 שנים,כפר סבא,העמק,10.6,6436-93-8,6436/93,26237.62376237624,32.1753955714,34.9163122302,2024
2024-01-07,2024-07-01,"חניתה 15, כפר סבא",חניתה 15,6428-561-53,דירה בבית קומות,4.0,מרתף+שישית,106.0,3550000,,,1996.0,,6.0,9187769478,1,6428561,False,,כפר סבא,חניתה,,6428-561-53,6428/561,33490.56603773585,32.1800989553,34.9057820543,2024
2024-01-05,2024-05-01,"אח""י דקר 1, כפר סבא","אח""י דקר 1",6435-70-34,דירה בבית קומות,3.0,שלישית,63.6,1068000,,,1960.0,,4.0,9183939090,1,643570,False,,כפר סבא,"אח""י דקר",,6435-70-34,6435/70,16792.45283018868,32.1731486353,34.921557825,2024
2024-01-04,2024-04-01,"בז 1, כפר סבא",בז 1,9088-29-6,דירה בבית קומות,4.0,שניה,83.8,2850000,,,2008.0,,6.0,9181948342,1,908829,False,37% ב 3.2 שנים,כפר סבא,בז,11.56,9088-29-6,9088/29,34009.54653937947,32.1864555467,34.9258899043,2024
2024-01-04,2024-04-01,"שיינפיין 7, כפר סבא",שיינפיין 7,7621-477-56,דירת גן,4.0,שלישית,126.0,4150000,,,2017.0,,7.0,9182950302,1,7621477,False,,כפר סבא,שיינפיין,,7621-477-56,7621/477,32936.50793650794,32.1960002894,34.8907312715,2024
2024-01-04,2024-04-01,"רופין 36, כפר סבא",רופין 36,6435-280-1,,3.0,עשירית,80.0,2700000,1.0,,,,17.0,11181278034,1,6435280,False,,כפר סבא,רופין,,6435-280-1,6435/280,33750.0,32.1694676515,34.919622311,2024
2024-01-04,2024-04-01,"ויצמן 52, כפר סבא",ויצמן 52,6426-417-23,דירה בבית קומות,3.0,חמישית,66.9,2150000,,,1970.0,,6.0,9181853104,1,6426417,False,34% ב 6.3 שנים,כפר סבא,ויצמן,5.4,6426-417-23,6426/417,32137.518684603885,32.1764876665,34.9018930531,2024
2024-01-04,2024-04-01,"בית הבד 9, כפר סבא",בית הבד 9,7602-240-12,דירה בבית קומות,4.0,שניה+שלישית,96.0,1135000,,,1985.0,,2.0,9182200534,1,7602240,True,-23% ב 8.1 שנים,כפר סבא,בית הבד,-2.84,7602-240-12,7602/240,11822.916666666666,32.1831442199,34.9369290073,2024
2024-01-02,2024-02-01,"רופין 36, כפר סבא",רופין 36,6435-280-66,דירה בבית קומות,3.0,רביעית,80.0,2610000,,,2026.0,,17.0,9178888442,1,6435280,False,,כפר סבא,רופין,,6435-280-66,6435/280,32625.0,32.1694676515,34.919622311,2024
2024-01-02,2024-02-01,"יאיר רוזנבלום 17, כפר סבא",יאיר רוזנבלום 17,6430-223-30,דירה בבית קומות,6.0,רביעית,147.1,4200000,,,2012.0,,7.0,9178256038,1,6430223,False,28% ב 2.9 שנים,כפר סבא,רוזנבלום יאיר,9.66,6430-223-30,6430/223,28552.005438477227,32.1891055988,34.892198543,2024
2024-01-02,2024-02-01,"שד""ל 14, כפר סבא","שד""ל 14",7614-123-2,ללא תיכנון,,קרקע,62.4,11079000,,,1960.0,,,9179896470,1,7614123,False,174% ב 3.4 שנים,כפר סבא,"שד""ל",51.18,7614-123-2,7614/123,177548.07692307694,32.1662039656,34.9257734543,2024
2024-01-02,2024-02-01,"קמינסקי 7, כפר סבא",קמינסקי 7,7621-467-80,דירה בבית קומות,5.0,ראשונה,131.1,4320000,,,2009.0,,9.0,9178376214,1,7621467,False,133% ב 13.7 שנים,כפר סבא,קמינסקי,9.71,7621-467-80,7621/467,32951.94508009154,32.1967613012,34.8937526803,2024
2024-01-01,2024-01-01,"אנה פרנק 12, כפר סבא",אנה פרנק 12,6426-613-2,דירה בבית קומות,4.0,ראשונה,92.0,3505000,,,1970.0,2027.0,3.0,9177506862,1,6426613,False,,כפר סבא,אנה פרנק,,6426-613-2,6426/613,38097.82608695652,,,2024
2024-01-01,2024-01-01,"נחמה הנדל 3, כפר סבא",נחמה הנדל 3,6429-336-16,דירה בבית קומות,4.0,ראשונה,88.1,2960000,,,2014.0,,3.0,9176638176,1,6429336,False,,כפר סבא,הנדל נחמה,,6429-336-16,6429/336,33598.183881952325,32.1827142142,34.8909815459,2024
